837 903
1 66
1 36
2 1 33 33 66 XOR
1 1 66 67 INV
2 1 33 65 68 XOR
2 1 33 65 69 AND
2 1 68 66 70 XOR
2 1 68 66 71 AND
2 1 69 71 72 LOR
2 1 32 64 73 XOR
2 1 32 64 74 AND
2 1 73 72 75 XOR
2 1 73 72 76 AND
2 1 74 76 77 LOR
2 1 31 63 78 XOR
2 1 31 63 79 AND
2 1 78 77 80 XOR
2 1 78 77 81 AND
2 1 79 81 82 LOR
2 1 30 62 83 XOR
2 1 30 62 84 AND
2 1 83 82 85 XOR
2 1 83 82 86 AND
2 1 84 86 87 LOR
2 1 29 61 88 XOR
2 1 29 61 89 AND
2 1 88 87 90 XOR
2 1 88 87 91 AND
2 1 89 91 92 LOR
2 1 28 60 93 XOR
2 1 28 60 94 AND
2 1 93 92 95 XOR
2 1 93 92 96 AND
2 1 94 96 97 LOR
2 1 27 59 98 XOR
2 1 27 59 99 AND
2 1 98 97 100 XOR
2 1 98 97 101 AND
2 1 99 101 102 LOR
2 1 26 58 103 XOR
2 1 26 58 104 AND
2 1 103 102 105 XOR
2 1 103 102 106 AND
2 1 104 106 107 LOR
2 1 25 57 108 XOR
2 1 25 57 109 AND
2 1 108 107 110 XOR
2 1 108 107 111 AND
2 1 109 111 112 LOR
2 1 24 56 113 XOR
2 1 24 56 114 AND
2 1 113 112 115 XOR
2 1 113 112 116 AND
2 1 114 116 117 LOR
2 1 23 55 118 XOR
2 1 23 55 119 AND
2 1 118 117 120 XOR
2 1 118 117 121 AND
2 1 119 121 122 LOR
2 1 22 54 123 XOR
2 1 22 54 124 AND
2 1 123 122 125 XOR
2 1 123 122 126 AND
2 1 124 126 127 LOR
2 1 21 53 128 XOR
2 1 21 53 129 AND
2 1 128 127 130 XOR
2 1 128 127 131 AND
2 1 129 131 132 LOR
2 1 20 52 133 XOR
2 1 20 52 134 AND
2 1 133 132 135 XOR
2 1 133 132 136 AND
2 1 134 136 137 LOR
2 1 19 51 138 XOR
2 1 19 51 139 AND
2 1 138 137 140 XOR
2 1 138 137 141 AND
2 1 139 141 142 LOR
2 1 18 50 143 XOR
2 1 18 50 144 AND
2 1 143 142 145 XOR
2 1 143 142 146 AND
2 1 144 146 147 LOR
2 1 17 49 148 XOR
2 1 17 49 149 AND
2 1 148 147 150 XOR
2 1 148 147 151 AND
2 1 149 151 152 LOR
2 1 16 48 153 XOR
2 1 16 48 154 AND
2 1 153 152 155 XOR
2 1 153 152 156 AND
2 1 154 156 157 LOR
2 1 15 47 158 XOR
2 1 15 47 159 AND
2 1 158 157 160 XOR
2 1 158 157 161 AND
2 1 159 161 162 LOR
2 1 14 46 163 XOR
2 1 14 46 164 AND
2 1 163 162 165 XOR
2 1 163 162 166 AND
2 1 164 166 167 LOR
2 1 13 45 168 XOR
2 1 13 45 169 AND
2 1 168 167 170 XOR
2 1 168 167 171 AND
2 1 169 171 172 LOR
2 1 12 44 173 XOR
2 1 12 44 174 AND
2 1 173 172 175 XOR
2 1 173 172 176 AND
2 1 174 176 177 LOR
2 1 11 43 178 XOR
2 1 11 43 179 AND
2 1 178 177 180 XOR
2 1 178 177 181 AND
2 1 179 181 182 LOR
2 1 10 42 183 XOR
2 1 10 42 184 AND
2 1 183 182 185 XOR
2 1 183 182 186 AND
2 1 184 186 187 LOR
2 1 9 41 188 XOR
2 1 9 41 189 AND
2 1 188 187 190 XOR
2 1 188 187 191 AND
2 1 189 191 192 LOR
2 1 8 40 193 XOR
2 1 8 40 194 AND
2 1 193 192 195 XOR
2 1 193 192 196 AND
2 1 194 196 197 LOR
2 1 7 39 198 XOR
2 1 7 39 199 AND
2 1 198 197 200 XOR
2 1 198 197 201 AND
2 1 199 201 202 LOR
2 1 6 38 203 XOR
2 1 6 38 204 AND
2 1 203 202 205 XOR
2 1 203 202 206 AND
2 1 204 206 207 LOR
2 1 5 37 208 XOR
2 1 5 37 209 AND
2 1 208 207 210 XOR
2 1 208 207 211 AND
2 1 209 211 212 LOR
2 1 4 36 213 XOR
2 1 4 36 214 AND
2 1 213 212 215 XOR
2 1 213 212 216 AND
2 1 214 216 217 LOR
2 1 3 35 218 XOR
2 1 3 35 219 AND
2 1 218 217 220 XOR
2 1 218 217 221 AND
2 1 219 221 222 LOR
2 1 2 34 223 XOR
2 1 2 34 224 AND
2 1 223 222 225 XOR
2 1 223 222 226 AND
2 1 224 226 227 LOR
1 1 34 228 INV
1 1 35 229 INV
1 1 36 230 INV
1 1 37 231 INV
1 1 38 232 INV
1 1 39 233 INV
1 1 40 234 INV
1 1 41 235 INV
1 1 42 236 INV
1 1 43 237 INV
1 1 44 238 INV
1 1 45 239 INV
1 1 46 240 INV
1 1 47 241 INV
1 1 48 242 INV
1 1 49 243 INV
1 1 50 244 INV
1 1 51 245 INV
1 1 52 246 INV
1 1 53 247 INV
1 1 54 248 INV
1 1 55 249 INV
1 1 56 250 INV
1 1 57 251 INV
1 1 58 252 INV
1 1 59 253 INV
1 1 60 254 INV
1 1 61 255 INV
1 1 62 256 INV
1 1 63 257 INV
1 1 64 258 INV
1 1 65 259 INV
2 1 33 259 260 XOR
2 1 33 259 261 AND
2 1 260 67 262 AND
2 1 260 67 263 XOR
2 1 261 262 264 LOR
2 1 32 258 265 XOR
2 1 32 258 266 AND
2 1 265 264 267 AND
2 1 265 264 268 XOR
2 1 266 267 269 LOR
2 1 31 257 270 XOR
2 1 31 257 271 AND
2 1 270 269 272 AND
2 1 270 269 273 XOR
2 1 271 272 274 LOR
2 1 30 256 275 XOR
2 1 30 256 276 AND
2 1 275 274 277 AND
2 1 275 274 278 XOR
2 1 276 277 279 LOR
2 1 29 255 280 XOR
2 1 29 255 281 AND
2 1 280 279 282 AND
2 1 280 279 283 XOR
2 1 281 282 284 LOR
2 1 28 254 285 XOR
2 1 28 254 286 AND
2 1 285 284 287 AND
2 1 285 284 288 XOR
2 1 286 287 289 LOR
2 1 27 253 290 XOR
2 1 27 253 291 AND
2 1 290 289 292 AND
2 1 290 289 293 XOR
2 1 291 292 294 LOR
2 1 26 252 295 XOR
2 1 26 252 296 AND
2 1 295 294 297 AND
2 1 295 294 298 XOR
2 1 296 297 299 LOR
2 1 25 251 300 XOR
2 1 25 251 301 AND
2 1 300 299 302 AND
2 1 300 299 303 XOR
2 1 301 302 304 LOR
2 1 24 250 305 XOR
2 1 24 250 306 AND
2 1 305 304 307 AND
2 1 305 304 308 XOR
2 1 306 307 309 LOR
2 1 23 249 310 XOR
2 1 23 249 311 AND
2 1 310 309 312 AND
2 1 310 309 313 XOR
2 1 311 312 314 LOR
2 1 22 248 315 XOR
2 1 22 248 316 AND
2 1 315 314 317 AND
2 1 315 314 318 XOR
2 1 316 317 319 LOR
2 1 21 247 320 XOR
2 1 21 247 321 AND
2 1 320 319 322 AND
2 1 320 319 323 XOR
2 1 321 322 324 LOR
2 1 20 246 325 XOR
2 1 20 246 326 AND
2 1 325 324 327 AND
2 1 325 324 328 XOR
2 1 326 327 329 LOR
2 1 19 245 330 XOR
2 1 19 245 331 AND
2 1 330 329 332 AND
2 1 330 329 333 XOR
2 1 331 332 334 LOR
2 1 18 244 335 XOR
2 1 18 244 336 AND
2 1 335 334 337 AND
2 1 335 334 338 XOR
2 1 336 337 339 LOR
2 1 17 243 340 XOR
2 1 17 243 341 AND
2 1 340 339 342 AND
2 1 340 339 343 XOR
2 1 341 342 344 LOR
2 1 16 242 345 XOR
2 1 16 242 346 AND
2 1 345 344 347 AND
2 1 345 344 348 XOR
2 1 346 347 349 LOR
2 1 15 241 350 XOR
2 1 15 241 351 AND
2 1 350 349 352 AND
2 1 350 349 353 XOR
2 1 351 352 354 LOR
2 1 14 240 355 XOR
2 1 14 240 356 AND
2 1 355 354 357 AND
2 1 355 354 358 XOR
2 1 356 357 359 LOR
2 1 13 239 360 XOR
2 1 13 239 361 AND
2 1 360 359 362 AND
2 1 360 359 363 XOR
2 1 361 362 364 LOR
2 1 12 238 365 XOR
2 1 12 238 366 AND
2 1 365 364 367 AND
2 1 365 364 368 XOR
2 1 366 367 369 LOR
2 1 11 237 370 XOR
2 1 11 237 371 AND
2 1 370 369 372 AND
2 1 370 369 373 XOR
2 1 371 372 374 LOR
2 1 10 236 375 XOR
2 1 10 236 376 AND
2 1 375 374 377 AND
2 1 375 374 378 XOR
2 1 376 377 379 LOR
2 1 9 235 380 XOR
2 1 9 235 381 AND
2 1 380 379 382 AND
2 1 380 379 383 XOR
2 1 381 382 384 LOR
2 1 8 234 385 XOR
2 1 8 234 386 AND
2 1 385 384 387 AND
2 1 385 384 388 XOR
2 1 386 387 389 LOR
2 1 7 233 390 XOR
2 1 7 233 391 AND
2 1 390 389 392 AND
2 1 390 389 393 XOR
2 1 391 392 394 LOR
2 1 6 232 395 XOR
2 1 6 232 396 AND
2 1 395 394 397 AND
2 1 395 394 398 XOR
2 1 396 397 399 LOR
2 1 5 231 400 XOR
2 1 5 231 401 AND
2 1 400 399 402 AND
2 1 400 399 403 XOR
2 1 401 402 404 LOR
2 1 4 230 405 XOR
2 1 4 230 406 AND
2 1 405 404 407 AND
2 1 405 404 408 XOR
2 1 406 407 409 LOR
2 1 3 229 410 XOR
2 1 3 229 411 AND
2 1 410 409 412 AND
2 1 410 409 413 XOR
2 1 411 412 414 LOR
2 1 2 228 415 XOR
2 1 2 228 416 AND
2 1 415 414 417 AND
2 1 415 414 418 XOR
2 1 416 417 419 LOR
2 1 33 67 420 XOR
2 1 33 67 421 AND
2 1 32 421 422 XOR
2 1 32 421 423 AND
2 1 31 423 424 XOR
2 1 31 423 425 AND
2 1 30 425 426 XOR
2 1 30 425 427 AND
2 1 29 427 428 XOR
2 1 29 427 429 AND
2 1 28 429 430 XOR
2 1 28 429 431 AND
2 1 27 431 432 XOR
2 1 27 431 433 AND
2 1 26 433 434 XOR
2 1 26 433 435 AND
2 1 25 435 436 XOR
2 1 25 435 437 AND
2 1 24 437 438 XOR
2 1 24 437 439 AND
2 1 23 439 440 XOR
2 1 23 439 441 AND
2 1 22 441 442 XOR
2 1 22 441 443 AND
2 1 21 443 444 XOR
2 1 21 443 445 AND
2 1 20 445 446 XOR
2 1 20 445 447 AND
2 1 19 447 448 XOR
2 1 19 447 449 AND
2 1 18 449 450 XOR
2 1 18 449 451 AND
2 1 17 451 452 XOR
2 1 17 451 453 AND
2 1 16 453 454 XOR
2 1 16 453 455 AND
2 1 15 455 456 XOR
2 1 15 455 457 AND
2 1 14 457 458 XOR
2 1 14 457 459 AND
2 1 13 459 460 XOR
2 1 13 459 461 AND
2 1 12 461 462 XOR
2 1 12 461 463 AND
2 1 11 463 464 XOR
2 1 11 463 465 AND
2 1 10 465 466 XOR
2 1 10 465 467 AND
2 1 9 467 468 XOR
2 1 9 467 469 AND
2 1 8 469 470 XOR
2 1 8 469 471 AND
2 1 7 471 472 XOR
2 1 7 471 473 AND
2 1 6 473 474 XOR
2 1 6 473 475 AND
2 1 5 475 476 XOR
2 1 5 475 477 AND
2 1 4 477 478 XOR
2 1 4 477 479 AND
2 1 3 479 480 XOR
2 1 3 479 481 AND
2 1 2 481 482 XOR
2 1 2 481 483 AND
2 1 33 67 484 XOR
1 1 33 485 INV
2 1 485 67 486 AND
2 1 32 486 487 XOR
1 1 32 488 INV
2 1 488 486 489 AND
2 1 31 489 490 XOR
1 1 31 491 INV
2 1 491 489 492 AND
2 1 30 492 493 XOR
1 1 30 494 INV
2 1 494 492 495 AND
2 1 29 495 496 XOR
1 1 29 497 INV
2 1 497 495 498 AND
2 1 28 498 499 XOR
1 1 28 500 INV
2 1 500 498 501 AND
2 1 27 501 502 XOR
1 1 27 503 INV
2 1 503 501 504 AND
2 1 26 504 505 XOR
1 1 26 506 INV
2 1 506 504 507 AND
2 1 25 507 508 XOR
1 1 25 509 INV
2 1 509 507 510 AND
2 1 24 510 511 XOR
1 1 24 512 INV
2 1 512 510 513 AND
2 1 23 513 514 XOR
1 1 23 515 INV
2 1 515 513 516 AND
2 1 22 516 517 XOR
1 1 22 518 INV
2 1 518 516 519 AND
2 1 21 519 520 XOR
1 1 21 521 INV
2 1 521 519 522 AND
2 1 20 522 523 XOR
1 1 20 524 INV
2 1 524 522 525 AND
2 1 19 525 526 XOR
1 1 19 527 INV
2 1 527 525 528 AND
2 1 18 528 529 XOR
1 1 18 530 INV
2 1 530 528 531 AND
2 1 17 531 532 XOR
1 1 17 533 INV
2 1 533 531 534 AND
2 1 16 534 535 XOR
1 1 16 536 INV
2 1 536 534 537 AND
2 1 15 537 538 XOR
1 1 15 539 INV
2 1 539 537 540 AND
2 1 14 540 541 XOR
1 1 14 542 INV
2 1 542 540 543 AND
2 1 13 543 544 XOR
1 1 13 545 INV
2 1 545 543 546 AND
2 1 12 546 547 XOR
1 1 12 548 INV
2 1 548 546 549 AND
2 1 11 549 550 XOR
1 1 11 551 INV
2 1 551 549 552 AND
2 1 10 552 553 XOR
1 1 10 554 INV
2 1 554 552 555 AND
2 1 9 555 556 XOR
1 1 9 557 INV
2 1 557 555 558 AND
2 1 8 558 559 XOR
1 1 8 560 INV
2 1 560 558 561 AND
2 1 7 561 562 XOR
1 1 7 563 INV
2 1 563 561 564 AND
2 1 6 564 565 XOR
1 1 6 566 INV
2 1 566 564 567 AND
2 1 5 567 568 XOR
1 1 5 569 INV
2 1 569 567 570 AND
2 1 4 570 571 XOR
1 1 4 572 INV
2 1 572 570 573 AND
2 1 3 573 574 XOR
1 1 3 575 INV
2 1 575 573 576 AND
2 1 2 576 577 XOR
1 1 2 578 INV
2 1 578 576 579 AND
1 1 0 580 INV
2 1 225 580 581 AND
2 1 220 580 582 AND
2 1 215 580 583 AND
2 1 210 580 584 AND
2 1 205 580 585 AND
2 1 200 580 586 AND
2 1 195 580 587 AND
2 1 190 580 588 AND
2 1 185 580 589 AND
2 1 180 580 590 AND
2 1 175 580 591 AND
2 1 170 580 592 AND
2 1 165 580 593 AND
2 1 160 580 594 AND
2 1 155 580 595 AND
2 1 150 580 596 AND
2 1 145 580 597 AND
2 1 140 580 598 AND
2 1 135 580 599 AND
2 1 130 580 600 AND
2 1 125 580 601 AND
2 1 120 580 602 AND
2 1 115 580 603 AND
2 1 110 580 604 AND
2 1 105 580 605 AND
2 1 100 580 606 AND
2 1 95 580 607 AND
2 1 90 580 608 AND
2 1 85 580 609 AND
2 1 80 580 610 AND
2 1 75 580 611 AND
2 1 70 580 612 AND
2 1 418 0 613 AND
2 1 413 0 614 AND
2 1 408 0 615 AND
2 1 403 0 616 AND
2 1 398 0 617 AND
2 1 393 0 618 AND
2 1 388 0 619 AND
2 1 383 0 620 AND
2 1 378 0 621 AND
2 1 373 0 622 AND
2 1 368 0 623 AND
2 1 363 0 624 AND
2 1 358 0 625 AND
2 1 353 0 626 AND
2 1 348 0 627 AND
2 1 343 0 628 AND
2 1 338 0 629 AND
2 1 333 0 630 AND
2 1 328 0 631 AND
2 1 323 0 632 AND
2 1 318 0 633 AND
2 1 313 0 634 AND
2 1 308 0 635 AND
2 1 303 0 636 AND
2 1 298 0 637 AND
2 1 293 0 638 AND
2 1 288 0 639 AND
2 1 283 0 640 AND
2 1 278 0 641 AND
2 1 273 0 642 AND
2 1 268 0 643 AND
2 1 263 0 644 AND
2 1 581 613 645 LOR
2 1 582 614 646 LOR
2 1 583 615 647 LOR
2 1 584 616 648 LOR
2 1 585 617 649 LOR
2 1 586 618 650 LOR
2 1 587 619 651 LOR
2 1 588 620 652 LOR
2 1 589 621 653 LOR
2 1 590 622 654 LOR
2 1 591 623 655 LOR
2 1 592 624 656 LOR
2 1 593 625 657 LOR
2 1 594 626 658 LOR
2 1 595 627 659 LOR
2 1 596 628 660 LOR
2 1 597 629 661 LOR
2 1 598 630 662 LOR
2 1 599 631 663 LOR
2 1 600 632 664 LOR
2 1 601 633 665 LOR
2 1 602 634 666 LOR
2 1 603 635 667 LOR
2 1 604 636 668 LOR
2 1 605 637 669 LOR
2 1 606 638 670 LOR
2 1 607 639 671 LOR
2 1 608 640 672 LOR
2 1 609 641 673 LOR
2 1 610 642 674 LOR
2 1 611 643 675 LOR
2 1 612 644 676 LOR
1 1 0 677 INV
2 1 482 677 678 AND
2 1 480 677 679 AND
2 1 478 677 680 AND
2 1 476 677 681 AND
2 1 474 677 682 AND
2 1 472 677 683 AND
2 1 470 677 684 AND
2 1 468 677 685 AND
2 1 466 677 686 AND
2 1 464 677 687 AND
2 1 462 677 688 AND
2 1 460 677 689 AND
2 1 458 677 690 AND
2 1 456 677 691 AND
2 1 454 677 692 AND
2 1 452 677 693 AND
2 1 450 677 694 AND
2 1 448 677 695 AND
2 1 446 677 696 AND
2 1 444 677 697 AND
2 1 442 677 698 AND
2 1 440 677 699 AND
2 1 438 677 700 AND
2 1 436 677 701 AND
2 1 434 677 702 AND
2 1 432 677 703 AND
2 1 430 677 704 AND
2 1 428 677 705 AND
2 1 426 677 706 AND
2 1 424 677 707 AND
2 1 422 677 708 AND
2 1 420 677 709 AND
2 1 577 0 710 AND
2 1 574 0 711 AND
2 1 571 0 712 AND
2 1 568 0 713 AND
2 1 565 0 714 AND
2 1 562 0 715 AND
2 1 559 0 716 AND
2 1 556 0 717 AND
2 1 553 0 718 AND
2 1 550 0 719 AND
2 1 547 0 720 AND
2 1 544 0 721 AND
2 1 541 0 722 AND
2 1 538 0 723 AND
2 1 535 0 724 AND
2 1 532 0 725 AND
2 1 529 0 726 AND
2 1 526 0 727 AND
2 1 523 0 728 AND
2 1 520 0 729 AND
2 1 517 0 730 AND
2 1 514 0 731 AND
2 1 511 0 732 AND
2 1 508 0 733 AND
2 1 505 0 734 AND
2 1 502 0 735 AND
2 1 499 0 736 AND
2 1 496 0 737 AND
2 1 493 0 738 AND
2 1 490 0 739 AND
2 1 487 0 740 AND
2 1 484 0 741 AND
2 1 678 710 742 LOR
2 1 679 711 743 LOR
2 1 680 712 744 LOR
2 1 681 713 745 LOR
2 1 682 714 746 LOR
2 1 683 715 747 LOR
2 1 684 716 748 LOR
2 1 685 717 749 LOR
2 1 686 718 750 LOR
2 1 687 719 751 LOR
2 1 688 720 752 LOR
2 1 689 721 753 LOR
2 1 690 722 754 LOR
2 1 691 723 755 LOR
2 1 692 724 756 LOR
2 1 693 725 757 LOR
2 1 694 726 758 LOR
2 1 695 727 759 LOR
2 1 696 728 760 LOR
2 1 697 729 761 LOR
2 1 698 730 762 LOR
2 1 699 731 763 LOR
2 1 700 732 764 LOR
2 1 701 733 765 LOR
2 1 702 734 766 LOR
2 1 703 735 767 LOR
2 1 704 736 768 LOR
2 1 705 737 769 LOR
2 1 706 738 770 LOR
2 1 707 739 771 LOR
2 1 708 740 772 LOR
2 1 709 741 773 LOR
1 1 1 774 INV
2 1 645 774 775 AND
2 1 646 774 776 AND
2 1 647 774 777 AND
2 1 648 774 778 AND
2 1 649 774 779 AND
2 1 650 774 780 AND
2 1 651 774 781 AND
2 1 652 774 782 AND
2 1 653 774 783 AND
2 1 654 774 784 AND
2 1 655 774 785 AND
2 1 656 774 786 AND
2 1 657 774 787 AND
2 1 658 774 788 AND
2 1 659 774 789 AND
2 1 660 774 790 AND
2 1 661 774 791 AND
2 1 662 774 792 AND
2 1 663 774 793 AND
2 1 664 774 794 AND
2 1 665 774 795 AND
2 1 666 774 796 AND
2 1 667 774 797 AND
2 1 668 774 798 AND
2 1 669 774 799 AND
2 1 670 774 800 AND
2 1 671 774 801 AND
2 1 672 774 802 AND
2 1 673 774 803 AND
2 1 674 774 804 AND
2 1 675 774 805 AND
2 1 676 774 806 AND
2 1 742 1 807 AND
2 1 743 1 808 AND
2 1 744 1 809 AND
2 1 745 1 810 AND
2 1 746 1 811 AND
2 1 747 1 812 AND
2 1 748 1 813 AND
2 1 749 1 814 AND
2 1 750 1 815 AND
2 1 751 1 816 AND
2 1 752 1 817 AND
2 1 753 1 818 AND
2 1 754 1 819 AND
2 1 755 1 820 AND
2 1 756 1 821 AND
2 1 757 1 822 AND
2 1 758 1 823 AND
2 1 759 1 824 AND
2 1 760 1 825 AND
2 1 761 1 826 AND
2 1 762 1 827 AND
2 1 763 1 828 AND
2 1 764 1 829 AND
2 1 765 1 830 AND
2 1 766 1 831 AND
2 1 767 1 832 AND
2 1 768 1 833 AND
2 1 769 1 834 AND
2 1 770 1 835 AND
2 1 771 1 836 AND
2 1 772 1 837 AND
2 1 773 1 838 AND
2 1 775 807 839 LOR
2 1 776 808 840 LOR
2 1 777 809 841 LOR
2 1 778 810 842 LOR
2 1 779 811 843 LOR
2 1 780 812 844 LOR
2 1 781 813 845 LOR
2 1 782 814 846 LOR
2 1 783 815 847 LOR
2 1 784 816 848 LOR
2 1 785 817 849 LOR
2 1 786 818 850 LOR
2 1 787 819 851 LOR
2 1 788 820 852 LOR
2 1 789 821 853 LOR
2 1 790 822 854 LOR
2 1 791 823 855 LOR
2 1 792 824 856 LOR
2 1 793 825 857 LOR
2 1 794 826 858 LOR
2 1 795 827 859 LOR
2 1 796 828 860 LOR
2 1 797 829 861 LOR
2 1 798 830 862 LOR
2 1 799 831 863 LOR
2 1 800 832 864 LOR
2 1 801 833 865 LOR
2 1 802 834 866 LOR
2 1 803 835 867 LOR
2 1 804 836 868 LOR
2 1 805 837 869 LOR
2 1 806 838 870 LOR
1 1 839 871 LID
1 1 840 872 LID
1 1 841 873 LID
1 1 842 874 LID
1 1 843 875 LID
1 1 844 876 LID
1 1 845 877 LID
1 1 846 878 LID
1 1 847 879 LID
1 1 848 880 LID
1 1 849 881 LID
1 1 850 882 LID
1 1 851 883 LID
1 1 852 884 LID
1 1 853 885 LID
1 1 854 886 LID
1 1 855 887 LID
1 1 856 888 LID
1 1 857 889 LID
1 1 858 890 LID
1 1 859 891 LID
1 1 860 892 LID
1 1 861 893 LID
1 1 862 894 LID
1 1 863 895 LID
1 1 864 896 LID
1 1 865 897 LID
1 1 866 898 LID
1 1 867 899 LID
1 1 868 900 LID
1 1 869 901 LID
1 1 870 902 LID
