451 517
1 66
1 32
2 1 2 34 66 AND
2 1 3 35 67 AND
2 1 4 36 68 AND
2 1 5 37 69 AND
2 1 6 38 70 AND
2 1 7 39 71 AND
2 1 8 40 72 AND
2 1 9 41 73 AND
2 1 10 42 74 AND
2 1 11 43 75 AND
2 1 12 44 76 AND
2 1 13 45 77 AND
2 1 14 46 78 AND
2 1 15 47 79 AND
2 1 16 48 80 AND
2 1 17 49 81 AND
2 1 18 50 82 AND
2 1 19 51 83 AND
2 1 20 52 84 AND
2 1 21 53 85 AND
2 1 22 54 86 AND
2 1 23 55 87 AND
2 1 24 56 88 AND
2 1 25 57 89 AND
2 1 26 58 90 AND
2 1 27 59 91 AND
2 1 28 60 92 AND
2 1 29 61 93 AND
2 1 30 62 94 AND
2 1 31 63 95 AND
2 1 32 64 96 AND
2 1 33 65 97 AND
2 1 2 34 98 LOR
2 1 3 35 99 LOR
2 1 4 36 100 LOR
2 1 5 37 101 LOR
2 1 6 38 102 LOR
2 1 7 39 103 LOR
2 1 8 40 104 LOR
2 1 9 41 105 LOR
2 1 10 42 106 LOR
2 1 11 43 107 LOR
2 1 12 44 108 LOR
2 1 13 45 109 LOR
2 1 14 46 110 LOR
2 1 15 47 111 LOR
2 1 16 48 112 LOR
2 1 17 49 113 LOR
2 1 18 50 114 LOR
2 1 19 51 115 LOR
2 1 20 52 116 LOR
2 1 21 53 117 LOR
2 1 22 54 118 LOR
2 1 23 55 119 LOR
2 1 24 56 120 LOR
2 1 25 57 121 LOR
2 1 26 58 122 LOR
2 1 27 59 123 LOR
2 1 28 60 124 LOR
2 1 29 61 125 LOR
2 1 30 62 126 LOR
2 1 31 63 127 LOR
2 1 32 64 128 LOR
2 1 33 65 129 LOR
2 1 2 34 130 XOR
2 1 3 35 131 XOR
2 1 4 36 132 XOR
2 1 5 37 133 XOR
2 1 6 38 134 XOR
2 1 7 39 135 XOR
2 1 8 40 136 XOR
2 1 9 41 137 XOR
2 1 10 42 138 XOR
2 1 11 43 139 XOR
2 1 12 44 140 XOR
2 1 13 45 141 XOR
2 1 14 46 142 XOR
2 1 15 47 143 XOR
2 1 16 48 144 XOR
2 1 17 49 145 XOR
2 1 18 50 146 XOR
2 1 19 51 147 XOR
2 1 20 52 148 XOR
2 1 21 53 149 XOR
2 1 22 54 150 XOR
2 1 23 55 151 XOR
2 1 24 56 152 XOR
2 1 25 57 153 XOR
2 1 26 58 154 XOR
2 1 27 59 155 XOR
2 1 28 60 156 XOR
2 1 29 61 157 XOR
2 1 30 62 158 XOR
2 1 31 63 159 XOR
2 1 32 64 160 XOR
2 1 33 65 161 XOR
1 1 2 162 INV
1 1 3 163 INV
1 1 4 164 INV
1 1 5 165 INV
1 1 6 166 INV
1 1 7 167 INV
1 1 8 168 INV
1 1 9 169 INV
1 1 10 170 INV
1 1 11 171 INV
1 1 12 172 INV
1 1 13 173 INV
1 1 14 174 INV
1 1 15 175 INV
1 1 16 176 INV
1 1 17 177 INV
1 1 18 178 INV
1 1 19 179 INV
1 1 20 180 INV
1 1 21 181 INV
1 1 22 182 INV
1 1 23 183 INV
1 1 24 184 INV
1 1 25 185 INV
1 1 26 186 INV
1 1 27 187 INV
1 1 28 188 INV
1 1 29 189 INV
1 1 30 190 INV
1 1 31 191 INV
1 1 32 192 INV
1 1 33 193 INV
1 1 0 194 INV
2 1 66 194 195 AND
2 1 67 194 196 AND
2 1 68 194 197 AND
2 1 69 194 198 AND
2 1 70 194 199 AND
2 1 71 194 200 AND
2 1 72 194 201 AND
2 1 73 194 202 AND
2 1 74 194 203 AND
2 1 75 194 204 AND
2 1 76 194 205 AND
2 1 77 194 206 AND
2 1 78 194 207 AND
2 1 79 194 208 AND
2 1 80 194 209 AND
2 1 81 194 210 AND
2 1 82 194 211 AND
2 1 83 194 212 AND
2 1 84 194 213 AND
2 1 85 194 214 AND
2 1 86 194 215 AND
2 1 87 194 216 AND
2 1 88 194 217 AND
2 1 89 194 218 AND
2 1 90 194 219 AND
2 1 91 194 220 AND
2 1 92 194 221 AND
2 1 93 194 222 AND
2 1 94 194 223 AND
2 1 95 194 224 AND
2 1 96 194 225 AND
2 1 97 194 226 AND
2 1 98 0 227 AND
2 1 99 0 228 AND
2 1 100 0 229 AND
2 1 101 0 230 AND
2 1 102 0 231 AND
2 1 103 0 232 AND
2 1 104 0 233 AND
2 1 105 0 234 AND
2 1 106 0 235 AND
2 1 107 0 236 AND
2 1 108 0 237 AND
2 1 109 0 238 AND
2 1 110 0 239 AND
2 1 111 0 240 AND
2 1 112 0 241 AND
2 1 113 0 242 AND
2 1 114 0 243 AND
2 1 115 0 244 AND
2 1 116 0 245 AND
2 1 117 0 246 AND
2 1 118 0 247 AND
2 1 119 0 248 AND
2 1 120 0 249 AND
2 1 121 0 250 AND
2 1 122 0 251 AND
2 1 123 0 252 AND
2 1 124 0 253 AND
2 1 125 0 254 AND
2 1 126 0 255 AND
2 1 127 0 256 AND
2 1 128 0 257 AND
2 1 129 0 258 AND
2 1 195 227 259 LOR
2 1 196 228 260 LOR
2 1 197 229 261 LOR
2 1 198 230 262 LOR
2 1 199 231 263 LOR
2 1 200 232 264 LOR
2 1 201 233 265 LOR
2 1 202 234 266 LOR
2 1 203 235 267 LOR
2 1 204 236 268 LOR
2 1 205 237 269 LOR
2 1 206 238 270 LOR
2 1 207 239 271 LOR
2 1 208 240 272 LOR
2 1 209 241 273 LOR
2 1 210 242 274 LOR
2 1 211 243 275 LOR
2 1 212 244 276 LOR
2 1 213 245 277 LOR
2 1 214 246 278 LOR
2 1 215 247 279 LOR
2 1 216 248 280 LOR
2 1 217 249 281 LOR
2 1 218 250 282 LOR
2 1 219 251 283 LOR
2 1 220 252 284 LOR
2 1 221 253 285 LOR
2 1 222 254 286 LOR
2 1 223 255 287 LOR
2 1 224 256 288 LOR
2 1 225 257 289 LOR
2 1 226 258 290 LOR
1 1 0 291 INV
2 1 130 291 292 AND
2 1 131 291 293 AND
2 1 132 291 294 AND
2 1 133 291 295 AND
2 1 134 291 296 AND
2 1 135 291 297 AND
2 1 136 291 298 AND
2 1 137 291 299 AND
2 1 138 291 300 AND
2 1 139 291 301 AND
2 1 140 291 302 AND
2 1 141 291 303 AND
2 1 142 291 304 AND
2 1 143 291 305 AND
2 1 144 291 306 AND
2 1 145 291 307 AND
2 1 146 291 308 AND
2 1 147 291 309 AND
2 1 148 291 310 AND
2 1 149 291 311 AND
2 1 150 291 312 AND
2 1 151 291 313 AND
2 1 152 291 314 AND
2 1 153 291 315 AND
2 1 154 291 316 AND
2 1 155 291 317 AND
2 1 156 291 318 AND
2 1 157 291 319 AND
2 1 158 291 320 AND
2 1 159 291 321 AND
2 1 160 291 322 AND
2 1 161 291 323 AND
2 1 162 0 324 AND
2 1 163 0 325 AND
2 1 164 0 326 AND
2 1 165 0 327 AND
2 1 166 0 328 AND
2 1 167 0 329 AND
2 1 168 0 330 AND
2 1 169 0 331 AND
2 1 170 0 332 AND
2 1 171 0 333 AND
2 1 172 0 334 AND
2 1 173 0 335 AND
2 1 174 0 336 AND
2 1 175 0 337 AND
2 1 176 0 338 AND
2 1 177 0 339 AND
2 1 178 0 340 AND
2 1 179 0 341 AND
2 1 180 0 342 AND
2 1 181 0 343 AND
2 1 182 0 344 AND
2 1 183 0 345 AND
2 1 184 0 346 AND
2 1 185 0 347 AND
2 1 186 0 348 AND
2 1 187 0 349 AND
2 1 188 0 350 AND
2 1 189 0 351 AND
2 1 190 0 352 AND
2 1 191 0 353 AND
2 1 192 0 354 AND
2 1 193 0 355 AND
2 1 292 324 356 LOR
2 1 293 325 357 LOR
2 1 294 326 358 LOR
2 1 295 327 359 LOR
2 1 296 328 360 LOR
2 1 297 329 361 LOR
2 1 298 330 362 LOR
2 1 299 331 363 LOR
2 1 300 332 364 LOR
2 1 301 333 365 LOR
2 1 302 334 366 LOR
2 1 303 335 367 LOR
2 1 304 336 368 LOR
2 1 305 337 369 LOR
2 1 306 338 370 LOR
2 1 307 339 371 LOR
2 1 308 340 372 LOR
2 1 309 341 373 LOR
2 1 310 342 374 LOR
2 1 311 343 375 LOR
2 1 312 344 376 LOR
2 1 313 345 377 LOR
2 1 314 346 378 LOR
2 1 315 347 379 LOR
2 1 316 348 380 LOR
2 1 317 349 381 LOR
2 1 318 350 382 LOR
2 1 319 351 383 LOR
2 1 320 352 384 LOR
2 1 321 353 385 LOR
2 1 322 354 386 LOR
2 1 323 355 387 LOR
1 1 1 388 INV
2 1 259 388 389 AND
2 1 260 388 390 AND
2 1 261 388 391 AND
2 1 262 388 392 AND
2 1 263 388 393 AND
2 1 264 388 394 AND
2 1 265 388 395 AND
2 1 266 388 396 AND
2 1 267 388 397 AND
2 1 268 388 398 AND
2 1 269 388 399 AND
2 1 270 388 400 AND
2 1 271 388 401 AND
2 1 272 388 402 AND
2 1 273 388 403 AND
2 1 274 388 404 AND
2 1 275 388 405 AND
2 1 276 388 406 AND
2 1 277 388 407 AND
2 1 278 388 408 AND
2 1 279 388 409 AND
2 1 280 388 410 AND
2 1 281 388 411 AND
2 1 282 388 412 AND
2 1 283 388 413 AND
2 1 284 388 414 AND
2 1 285 388 415 AND
2 1 286 388 416 AND
2 1 287 388 417 AND
2 1 288 388 418 AND
2 1 289 388 419 AND
2 1 290 388 420 AND
2 1 356 1 421 AND
2 1 357 1 422 AND
2 1 358 1 423 AND
2 1 359 1 424 AND
2 1 360 1 425 AND
2 1 361 1 426 AND
2 1 362 1 427 AND
2 1 363 1 428 AND
2 1 364 1 429 AND
2 1 365 1 430 AND
2 1 366 1 431 AND
2 1 367 1 432 AND
2 1 368 1 433 AND
2 1 369 1 434 AND
2 1 370 1 435 AND
2 1 371 1 436 AND
2 1 372 1 437 AND
2 1 373 1 438 AND
2 1 374 1 439 AND
2 1 375 1 440 AND
2 1 376 1 441 AND
2 1 377 1 442 AND
2 1 378 1 443 AND
2 1 379 1 444 AND
2 1 380 1 445 AND
2 1 381 1 446 AND
2 1 382 1 447 AND
2 1 383 1 448 AND
2 1 384 1 449 AND
2 1 385 1 450 AND
2 1 386 1 451 AND
2 1 387 1 452 AND
2 1 389 421 453 LOR
2 1 390 422 454 LOR
2 1 391 423 455 LOR
2 1 392 424 456 LOR
2 1 393 425 457 LOR
2 1 394 426 458 LOR
2 1 395 427 459 LOR
2 1 396 428 460 LOR
2 1 397 429 461 LOR
2 1 398 430 462 LOR
2 1 399 431 463 LOR
2 1 400 432 464 LOR
2 1 401 433 465 LOR
2 1 402 434 466 LOR
2 1 403 435 467 LOR
2 1 404 436 468 LOR
2 1 405 437 469 LOR
2 1 406 438 470 LOR
2 1 407 439 471 LOR
2 1 408 440 472 LOR
2 1 409 441 473 LOR
2 1 410 442 474 LOR
2 1 411 443 475 LOR
2 1 412 444 476 LOR
2 1 413 445 477 LOR
2 1 414 446 478 LOR
2 1 415 447 479 LOR
2 1 416 448 480 LOR
2 1 417 449 481 LOR
2 1 418 450 482 LOR
2 1 419 451 483 LOR
2 1 420 452 484 LOR
1 1 453 485 LID
1 1 454 486 LID
1 1 455 487 LID
1 1 456 488 LID
1 1 457 489 LID
1 1 458 490 LID
1 1 459 491 LID
1 1 460 492 LID
1 1 461 493 LID
1 1 462 494 LID
1 1 463 495 LID
1 1 464 496 LID
1 1 465 497 LID
1 1 466 498 LID
1 1 467 499 LID
1 1 468 500 LID
1 1 469 501 LID
1 1 470 502 LID
1 1 471 503 LID
1 1 472 504 LID
1 1 473 505 LID
1 1 474 506 LID
1 1 475 507 LID
1 1 476 508 LID
1 1 477 509 LID
1 1 478 510 LID
1 1 479 511 LID
1 1 480 512 LID
1 1 481 513 LID
1 1 482 514 LID
1 1 483 515 LID
1 1 484 516 LID
