129 194
1 65
1 32
1 1 0 65 INV
2 1 1 65 66 AND
2 1 2 65 67 AND
2 1 3 65 68 AND
2 1 4 65 69 AND
2 1 5 65 70 AND
2 1 6 65 71 AND
2 1 7 65 72 AND
2 1 8 65 73 AND
2 1 9 65 74 AND
2 1 10 65 75 AND
2 1 11 65 76 AND
2 1 12 65 77 AND
2 1 13 65 78 AND
2 1 14 65 79 AND
2 1 15 65 80 AND
2 1 16 65 81 AND
2 1 17 65 82 AND
2 1 18 65 83 AND
2 1 19 65 84 AND
2 1 20 65 85 AND
2 1 21 65 86 AND
2 1 22 65 87 AND
2 1 23 65 88 AND
2 1 24 65 89 AND
2 1 25 65 90 AND
2 1 26 65 91 AND
2 1 27 65 92 AND
2 1 28 65 93 AND
2 1 29 65 94 AND
2 1 30 65 95 AND
2 1 31 65 96 AND
2 1 32 65 97 AND
2 1 33 0 98 AND
2 1 34 0 99 AND
2 1 35 0 100 AND
2 1 36 0 101 AND
2 1 37 0 102 AND
2 1 38 0 103 AND
2 1 39 0 104 AND
2 1 40 0 105 AND
2 1 41 0 106 AND
2 1 42 0 107 AND
2 1 43 0 108 AND
2 1 44 0 109 AND
2 1 45 0 110 AND
2 1 46 0 111 AND
2 1 47 0 112 AND
2 1 48 0 113 AND
2 1 49 0 114 AND
2 1 50 0 115 AND
2 1 51 0 116 AND
2 1 52 0 117 AND
2 1 53 0 118 AND
2 1 54 0 119 AND
2 1 55 0 120 AND
2 1 56 0 121 AND
2 1 57 0 122 AND
2 1 58 0 123 AND
2 1 59 0 124 AND
2 1 60 0 125 AND
2 1 61 0 126 AND
2 1 62 0 127 AND
2 1 63 0 128 AND
2 1 64 0 129 AND
2 1 66 98 130 LOR
2 1 67 99 131 LOR
2 1 68 100 132 LOR
2 1 69 101 133 LOR
2 1 70 102 134 LOR
2 1 71 103 135 LOR
2 1 72 104 136 LOR
2 1 73 105 137 LOR
2 1 74 106 138 LOR
2 1 75 107 139 LOR
2 1 76 108 140 LOR
2 1 77 109 141 LOR
2 1 78 110 142 LOR
2 1 79 111 143 LOR
2 1 80 112 144 LOR
2 1 81 113 145 LOR
2 1 82 114 146 LOR
2 1 83 115 147 LOR
2 1 84 116 148 LOR
2 1 85 117 149 LOR
2 1 86 118 150 LOR
2 1 87 119 151 LOR
2 1 88 120 152 LOR
2 1 89 121 153 LOR
2 1 90 122 154 LOR
2 1 91 123 155 LOR
2 1 92 124 156 LOR
2 1 93 125 157 LOR
2 1 94 126 158 LOR
2 1 95 127 159 LOR
2 1 96 128 160 LOR
2 1 97 129 161 LOR
1 1 130 162 LID
1 1 131 163 LID
1 1 132 164 LID
1 1 133 165 LID
1 1 134 166 LID
1 1 135 167 LID
1 1 136 168 LID
1 1 137 169 LID
1 1 138 170 LID
1 1 139 171 LID
1 1 140 172 LID
1 1 141 173 LID
1 1 142 174 LID
1 1 143 175 LID
1 1 144 176 LID
1 1 145 177 LID
1 1 146 178 LID
1 1 147 179 LID
1 1 148 180 LID
1 1 149 181 LID
1 1 150 182 LID
1 1 151 183 LID
1 1 152 184 LID
1 1 153 185 LID
1 1 154 186 LID
1 1 155 187 LID
1 1 156 188 LID
1 1 157 189 LID
1 1 158 190 LID
1 1 159 191 LID
1 1 160 192 LID
1 1 161 193 LID
