129 162
1 33
1 64
1 1 0 33 INV
2 1 1 33 34 AND
2 1 2 33 35 AND
2 1 3 33 36 AND
2 1 4 33 37 AND
2 1 5 33 38 AND
2 1 6 33 39 AND
2 1 7 33 40 AND
2 1 8 33 41 AND
2 1 9 33 42 AND
2 1 10 33 43 AND
2 1 11 33 44 AND
2 1 12 33 45 AND
2 1 13 33 46 AND
2 1 14 33 47 AND
2 1 15 33 48 AND
2 1 16 33 49 AND
2 1 17 33 50 AND
2 1 18 33 51 AND
2 1 19 33 52 AND
2 1 20 33 53 AND
2 1 21 33 54 AND
2 1 22 33 55 AND
2 1 23 33 56 AND
2 1 24 33 57 AND
2 1 25 33 58 AND
2 1 26 33 59 AND
2 1 27 33 60 AND
2 1 28 33 61 AND
2 1 29 33 62 AND
2 1 30 33 63 AND
2 1 31 33 64 AND
2 1 32 33 65 AND
2 1 1 0 66 AND
2 1 2 0 67 AND
2 1 3 0 68 AND
2 1 4 0 69 AND
2 1 5 0 70 AND
2 1 6 0 71 AND
2 1 7 0 72 AND
2 1 8 0 73 AND
2 1 9 0 74 AND
2 1 10 0 75 AND
2 1 11 0 76 AND
2 1 12 0 77 AND
2 1 13 0 78 AND
2 1 14 0 79 AND
2 1 15 0 80 AND
2 1 16 0 81 AND
2 1 17 0 82 AND
2 1 18 0 83 AND
2 1 19 0 84 AND
2 1 20 0 85 AND
2 1 21 0 86 AND
2 1 22 0 87 AND
2 1 23 0 88 AND
2 1 24 0 89 AND
2 1 25 0 90 AND
2 1 26 0 91 AND
2 1 27 0 92 AND
2 1 28 0 93 AND
2 1 29 0 94 AND
2 1 30 0 95 AND
2 1 31 0 96 AND
2 1 32 0 97 AND
1 1 34 98 LID
1 1 35 99 LID
1 1 36 100 LID
1 1 37 101 LID
1 1 38 102 LID
1 1 39 103 LID
1 1 40 104 LID
1 1 41 105 LID
1 1 42 106 LID
1 1 43 107 LID
1 1 44 108 LID
1 1 45 109 LID
1 1 46 110 LID
1 1 47 111 LID
1 1 48 112 LID
1 1 49 113 LID
1 1 50 114 LID
1 1 51 115 LID
1 1 52 116 LID
1 1 53 117 LID
1 1 54 118 LID
1 1 55 119 LID
1 1 56 120 LID
1 1 57 121 LID
1 1 58 122 LID
1 1 59 123 LID
1 1 60 124 LID
1 1 61 125 LID
1 1 62 126 LID
1 1 63 127 LID
1 1 64 128 LID
1 1 65 129 LID
1 1 66 130 LID
1 1 67 131 LID
1 1 68 132 LID
1 1 69 133 LID
1 1 70 134 LID
1 1 71 135 LID
1 1 72 136 LID
1 1 73 137 LID
1 1 74 138 LID
1 1 75 139 LID
1 1 76 140 LID
1 1 77 141 LID
1 1 78 142 LID
1 1 79 143 LID
1 1 80 144 LID
1 1 81 145 LID
1 1 82 146 LID
1 1 83 147 LID
1 1 84 148 LID
1 1 85 149 LID
1 1 86 150 LID
1 1 87 151 LID
1 1 88 152 LID
1 1 89 153 LID
1 1 90 154 LID
1 1 91 155 LID
1 1 92 156 LID
1 1 93 157 LID
1 1 94 158 LID
1 1 95 159 LID
1 1 96 160 LID
1 1 97 161 LID
