97 130
1 33
1 33
1 1 0 33 INV
2 1 32 33 34 XOR
2 1 32 33 35 AND
2 1 31 35 36 XOR
2 1 31 35 37 AND
2 1 30 37 38 XOR
2 1 30 37 39 AND
2 1 29 39 40 XOR
2 1 29 39 41 AND
2 1 28 41 42 XOR
2 1 28 41 43 AND
2 1 27 43 44 XOR
2 1 27 43 45 AND
2 1 26 45 46 XOR
2 1 26 45 47 AND
2 1 25 47 48 XOR
2 1 25 47 49 AND
2 1 24 49 50 XOR
2 1 24 49 51 AND
2 1 23 51 52 XOR
2 1 23 51 53 AND
2 1 22 53 54 XOR
2 1 22 53 55 AND
2 1 21 55 56 XOR
2 1 21 55 57 AND
2 1 20 57 58 XOR
2 1 20 57 59 AND
2 1 19 59 60 XOR
2 1 19 59 61 AND
2 1 18 61 62 XOR
2 1 18 61 63 AND
2 1 17 63 64 XOR
2 1 17 63 65 AND
2 1 16 65 66 XOR
2 1 16 65 67 AND
2 1 15 67 68 XOR
2 1 15 67 69 AND
2 1 14 69 70 XOR
2 1 14 69 71 AND
2 1 13 71 72 XOR
2 1 13 71 73 AND
2 1 12 73 74 XOR
2 1 12 73 75 AND
2 1 11 75 76 XOR
2 1 11 75 77 AND
2 1 10 77 78 XOR
2 1 10 77 79 AND
2 1 9 79 80 XOR
2 1 9 79 81 AND
2 1 8 81 82 XOR
2 1 8 81 83 AND
2 1 7 83 84 XOR
2 1 7 83 85 AND
2 1 6 85 86 XOR
2 1 6 85 87 AND
2 1 5 87 88 XOR
2 1 5 87 89 AND
2 1 4 89 90 XOR
2 1 4 89 91 AND
2 1 3 91 92 XOR
2 1 3 91 93 AND
2 1 2 93 94 XOR
2 1 2 93 95 AND
2 1 1 95 96 XOR
2 1 1 95 97 AND
1 1 96 98 LID
1 1 94 99 LID
1 1 92 100 LID
1 1 90 101 LID
1 1 88 102 LID
1 1 86 103 LID
1 1 84 104 LID
1 1 82 105 LID
1 1 80 106 LID
1 1 78 107 LID
1 1 76 108 LID
1 1 74 109 LID
1 1 72 110 LID
1 1 70 111 LID
1 1 68 112 LID
1 1 66 113 LID
1 1 64 114 LID
1 1 62 115 LID
1 1 60 116 LID
1 1 58 117 LID
1 1 56 118 LID
1 1 54 119 LID
1 1 52 120 LID
1 1 50 121 LID
1 1 48 122 LID
1 1 46 123 LID
1 1 44 124 LID
1 1 42 125 LID
1 1 40 126 LID
1 1 38 127 LID
1 1 36 128 LID
1 1 34 129 LID
