194 258
1 64
1 33
2 1 63 63 64 XOR
2 1 31 63 65 XOR
2 1 31 63 66 AND
2 1 65 64 67 XOR
2 1 65 64 68 AND
2 1 66 68 69 LOR
2 1 30 62 70 XOR
2 1 30 62 71 AND
2 1 70 69 72 XOR
2 1 70 69 73 AND
2 1 71 73 74 LOR
2 1 29 61 75 XOR
2 1 29 61 76 AND
2 1 75 74 77 XOR
2 1 75 74 78 AND
2 1 76 78 79 LOR
2 1 28 60 80 XOR
2 1 28 60 81 AND
2 1 80 79 82 XOR
2 1 80 79 83 AND
2 1 81 83 84 LOR
2 1 27 59 85 XOR
2 1 27 59 86 AND
2 1 85 84 87 XOR
2 1 85 84 88 AND
2 1 86 88 89 LOR
2 1 26 58 90 XOR
2 1 26 58 91 AND
2 1 90 89 92 XOR
2 1 90 89 93 AND
2 1 91 93 94 LOR
2 1 25 57 95 XOR
2 1 25 57 96 AND
2 1 95 94 97 XOR
2 1 95 94 98 AND
2 1 96 98 99 LOR
2 1 24 56 100 XOR
2 1 24 56 101 AND
2 1 100 99 102 XOR
2 1 100 99 103 AND
2 1 101 103 104 LOR
2 1 23 55 105 XOR
2 1 23 55 106 AND
2 1 105 104 107 XOR
2 1 105 104 108 AND
2 1 106 108 109 LOR
2 1 22 54 110 XOR
2 1 22 54 111 AND
2 1 110 109 112 XOR
2 1 110 109 113 AND
2 1 111 113 114 LOR
2 1 21 53 115 XOR
2 1 21 53 116 AND
2 1 115 114 117 XOR
2 1 115 114 118 AND
2 1 116 118 119 LOR
2 1 20 52 120 XOR
2 1 20 52 121 AND
2 1 120 119 122 XOR
2 1 120 119 123 AND
2 1 121 123 124 LOR
2 1 19 51 125 XOR
2 1 19 51 126 AND
2 1 125 124 127 XOR
2 1 125 124 128 AND
2 1 126 128 129 LOR
2 1 18 50 130 XOR
2 1 18 50 131 AND
2 1 130 129 132 XOR
2 1 130 129 133 AND
2 1 131 133 134 LOR
2 1 17 49 135 XOR
2 1 17 49 136 AND
2 1 135 134 137 XOR
2 1 135 134 138 AND
2 1 136 138 139 LOR
2 1 16 48 140 XOR
2 1 16 48 141 AND
2 1 140 139 142 XOR
2 1 140 139 143 AND
2 1 141 143 144 LOR
2 1 15 47 145 XOR
2 1 15 47 146 AND
2 1 145 144 147 XOR
2 1 145 144 148 AND
2 1 146 148 149 LOR
2 1 14 46 150 XOR
2 1 14 46 151 AND
2 1 150 149 152 XOR
2 1 150 149 153 AND
2 1 151 153 154 LOR
2 1 13 45 155 XOR
2 1 13 45 156 AND
2 1 155 154 157 XOR
2 1 155 154 158 AND
2 1 156 158 159 LOR
2 1 12 44 160 XOR
2 1 12 44 161 AND
2 1 160 159 162 XOR
2 1 160 159 163 AND
2 1 161 163 164 LOR
2 1 11 43 165 XOR
2 1 11 43 166 AND
2 1 165 164 167 XOR
2 1 165 164 168 AND
2 1 166 168 169 LOR
2 1 10 42 170 XOR
2 1 10 42 171 AND
2 1 170 169 172 XOR
2 1 170 169 173 AND
2 1 171 173 174 LOR
2 1 9 41 175 XOR
2 1 9 41 176 AND
2 1 175 174 177 XOR
2 1 175 174 178 AND
2 1 176 178 179 LOR
2 1 8 40 180 XOR
2 1 8 40 181 AND
2 1 180 179 182 XOR
2 1 180 179 183 AND
2 1 181 183 184 LOR
2 1 7 39 185 XOR
2 1 7 39 186 AND
2 1 185 184 187 XOR
2 1 185 184 188 AND
2 1 186 188 189 LOR
2 1 6 38 190 XOR
2 1 6 38 191 AND
2 1 190 189 192 XOR
2 1 190 189 193 AND
2 1 191 193 194 LOR
2 1 5 37 195 XOR
2 1 5 37 196 AND
2 1 195 194 197 XOR
2 1 195 194 198 AND
2 1 196 198 199 LOR
2 1 4 36 200 XOR
2 1 4 36 201 AND
2 1 200 199 202 XOR
2 1 200 199 203 AND
2 1 201 203 204 LOR
2 1 3 35 205 XOR
2 1 3 35 206 AND
2 1 205 204 207 XOR
2 1 205 204 208 AND
2 1 206 208 209 LOR
2 1 2 34 210 XOR
2 1 2 34 211 AND
2 1 210 209 212 XOR
2 1 210 209 213 AND
2 1 211 213 214 LOR
2 1 1 33 215 XOR
2 1 1 33 216 AND
2 1 215 214 217 XOR
2 1 215 214 218 AND
2 1 216 218 219 LOR
2 1 0 32 220 XOR
2 1 0 32 221 AND
2 1 220 219 222 XOR
2 1 220 219 223 AND
2 1 221 223 224 LOR
1 1 224 225 LID
1 1 222 226 LID
1 1 217 227 LID
1 1 212 228 LID
1 1 207 229 LID
1 1 202 230 LID
1 1 197 231 LID
1 1 192 232 LID
1 1 187 233 LID
1 1 182 234 LID
1 1 177 235 LID
1 1 172 236 LID
1 1 167 237 LID
1 1 162 238 LID
1 1 157 239 LID
1 1 152 240 LID
1 1 147 241 LID
1 1 142 242 LID
1 1 137 243 LID
1 1 132 244 LID
1 1 127 245 LID
1 1 122 246 LID
1 1 117 247 LID
1 1 112 248 LID
1 1 107 249 LID
1 1 102 250 LID
1 1 97 251 LID
1 1 92 252 LID
1 1 87 253 LID
1 1 82 254 LID
1 1 77 255 LID
1 1 72 256 LID
1 1 67 257 LID
