109 119
1 10
1 8
2 1 5 5 10 XOR
1 1 10 11 INV
2 1 5 9 12 XOR
2 1 5 9 13 AND
2 1 12 10 14 XOR
2 1 12 10 15 AND
2 1 13 15 16 LOR
2 1 4 8 17 XOR
2 1 4 8 18 AND
2 1 17 16 19 XOR
2 1 17 16 20 AND
2 1 18 20 21 LOR
2 1 3 7 22 XOR
2 1 3 7 23 AND
2 1 22 21 24 XOR
2 1 22 21 25 AND
2 1 23 25 26 LOR
2 1 2 6 27 XOR
2 1 2 6 28 AND
2 1 27 26 29 XOR
2 1 27 26 30 AND
2 1 28 30 31 LOR
1 1 6 32 INV
1 1 7 33 INV
1 1 8 34 INV
1 1 9 35 INV
2 1 5 35 36 XOR
2 1 5 35 37 AND
2 1 36 11 38 AND
2 1 36 11 39 XOR
2 1 37 38 40 LOR
2 1 4 34 41 XOR
2 1 4 34 42 AND
2 1 41 40 43 AND
2 1 41 40 44 XOR
2 1 42 43 45 LOR
2 1 3 33 46 XOR
2 1 3 33 47 AND
2 1 46 45 48 AND
2 1 46 45 49 XOR
2 1 47 48 50 LOR
2 1 2 32 51 XOR
2 1 2 32 52 AND
2 1 51 50 53 AND
2 1 51 50 54 XOR
2 1 52 53 55 LOR
2 1 5 11 56 XOR
2 1 5 11 57 AND
2 1 4 57 58 XOR
2 1 4 57 59 AND
2 1 3 59 60 XOR
2 1 3 59 61 AND
2 1 2 61 62 XOR
2 1 2 61 63 AND
2 1 5 11 64 XOR
1 1 5 65 INV
2 1 65 11 66 AND
2 1 4 66 67 XOR
1 1 4 68 INV
2 1 68 66 69 AND
2 1 3 69 70 XOR
1 1 3 71 INV
2 1 71 69 72 AND
2 1 2 72 73 XOR
1 1 2 74 INV
2 1 74 72 75 AND
1 1 0 76 INV
2 1 29 76 77 AND
2 1 24 76 78 AND
2 1 19 76 79 AND
2 1 14 76 80 AND
2 1 54 0 81 AND
2 1 49 0 82 AND
2 1 44 0 83 AND
2 1 39 0 84 AND
2 1 77 81 85 LOR
2 1 78 82 86 LOR
2 1 79 83 87 LOR
2 1 80 84 88 LOR
1 1 0 89 INV
2 1 62 89 90 AND
2 1 60 89 91 AND
2 1 58 89 92 AND
2 1 56 89 93 AND
2 1 73 0 94 AND
2 1 70 0 95 AND
2 1 67 0 96 AND
2 1 64 0 97 AND
2 1 90 94 98 LOR
2 1 91 95 99 LOR
2 1 92 96 100 LOR
2 1 93 97 101 LOR
1 1 1 102 INV
2 1 85 102 103 AND
2 1 86 102 104 AND
2 1 87 102 105 AND
2 1 88 102 106 AND
2 1 98 1 107 AND
2 1 99 1 108 AND
2 1 100 1 109 AND
2 1 101 1 110 AND
2 1 103 107 111 LOR
2 1 104 108 112 LOR
2 1 105 109 113 LOR
2 1 106 110 114 LOR
1 1 111 115 LID
1 1 112 116 LID
1 1 113 117 LID
1 1 114 118 LID
