33 50
1 17
1 8
1 1 0 17 INV
2 1 1 17 18 AND
2 1 2 17 19 AND
2 1 3 17 20 AND
2 1 4 17 21 AND
2 1 5 17 22 AND
2 1 6 17 23 AND
2 1 7 17 24 AND
2 1 8 17 25 AND
2 1 9 0 26 AND
2 1 10 0 27 AND
2 1 11 0 28 AND
2 1 12 0 29 AND
2 1 13 0 30 AND
2 1 14 0 31 AND
2 1 15 0 32 AND
2 1 16 0 33 AND
2 1 18 26 34 LOR
2 1 19 27 35 LOR
2 1 20 28 36 LOR
2 1 21 29 37 LOR
2 1 22 30 38 LOR
2 1 23 31 39 LOR
2 1 24 32 40 LOR
2 1 25 33 41 LOR
1 1 34 42 LID
1 1 35 43 LID
1 1 36 44 LID
1 1 37 45 LID
1 1 38 46 LID
1 1 39 47 LID
1 1 40 48 LID
1 1 41 49 LID
