50 66
1 16
1 9
2 1 15 15 16 XOR
2 1 7 15 17 XOR
2 1 7 15 18 AND
2 1 17 16 19 XOR
2 1 17 16 20 AND
2 1 18 20 21 LOR
2 1 6 14 22 XOR
2 1 6 14 23 AND
2 1 22 21 24 XOR
2 1 22 21 25 AND
2 1 23 25 26 LOR
2 1 5 13 27 XOR
2 1 5 13 28 AND
2 1 27 26 29 XOR
2 1 27 26 30 AND
2 1 28 30 31 LOR
2 1 4 12 32 XOR
2 1 4 12 33 AND
2 1 32 31 34 XOR
2 1 32 31 35 AND
2 1 33 35 36 LOR
2 1 3 11 37 XOR
2 1 3 11 38 AND
2 1 37 36 39 XOR
2 1 37 36 40 AND
2 1 38 40 41 LOR
2 1 2 10 42 XOR
2 1 2 10 43 AND
2 1 42 41 44 XOR
2 1 42 41 45 AND
2 1 43 45 46 LOR
2 1 1 9 47 XOR
2 1 1 9 48 AND
2 1 47 46 49 XOR
2 1 47 46 50 AND
2 1 48 50 51 LOR
2 1 0 8 52 XOR
2 1 0 8 53 AND
2 1 52 51 54 XOR
2 1 52 51 55 AND
2 1 53 55 56 LOR
1 1 56 57 LID
1 1 54 58 LID
1 1 49 59 LID
1 1 44 60 LID
1 1 39 61 LID
1 1 34 62 LID
1 1 29 63 LID
1 1 24 64 LID
1 1 19 65 LID
