115 133
1 18
1 8
2 1 2 10 18 AND
2 1 3 11 19 AND
2 1 4 12 20 AND
2 1 5 13 21 AND
2 1 6 14 22 AND
2 1 7 15 23 AND
2 1 8 16 24 AND
2 1 9 17 25 AND
2 1 2 10 26 LOR
2 1 3 11 27 LOR
2 1 4 12 28 LOR
2 1 5 13 29 LOR
2 1 6 14 30 LOR
2 1 7 15 31 LOR
2 1 8 16 32 LOR
2 1 9 17 33 LOR
2 1 2 10 34 XOR
2 1 3 11 35 XOR
2 1 4 12 36 XOR
2 1 5 13 37 XOR
2 1 6 14 38 XOR
2 1 7 15 39 XOR
2 1 8 16 40 XOR
2 1 9 17 41 XOR
1 1 2 42 INV
1 1 3 43 INV
1 1 4 44 INV
1 1 5 45 INV
1 1 6 46 INV
1 1 7 47 INV
1 1 8 48 INV
1 1 9 49 INV
1 1 0 50 INV
2 1 18 50 51 AND
2 1 19 50 52 AND
2 1 20 50 53 AND
2 1 21 50 54 AND
2 1 22 50 55 AND
2 1 23 50 56 AND
2 1 24 50 57 AND
2 1 25 50 58 AND
2 1 26 0 59 AND
2 1 27 0 60 AND
2 1 28 0 61 AND
2 1 29 0 62 AND
2 1 30 0 63 AND
2 1 31 0 64 AND
2 1 32 0 65 AND
2 1 33 0 66 AND
2 1 51 59 67 LOR
2 1 52 60 68 LOR
2 1 53 61 69 LOR
2 1 54 62 70 LOR
2 1 55 63 71 LOR
2 1 56 64 72 LOR
2 1 57 65 73 LOR
2 1 58 66 74 LOR
1 1 0 75 INV
2 1 34 75 76 AND
2 1 35 75 77 AND
2 1 36 75 78 AND
2 1 37 75 79 AND
2 1 38 75 80 AND
2 1 39 75 81 AND
2 1 40 75 82 AND
2 1 41 75 83 AND
2 1 42 0 84 AND
2 1 43 0 85 AND
2 1 44 0 86 AND
2 1 45 0 87 AND
2 1 46 0 88 AND
2 1 47 0 89 AND
2 1 48 0 90 AND
2 1 49 0 91 AND
2 1 76 84 92 LOR
2 1 77 85 93 LOR
2 1 78 86 94 LOR
2 1 79 87 95 LOR
2 1 80 88 96 LOR
2 1 81 89 97 LOR
2 1 82 90 98 LOR
2 1 83 91 99 LOR
1 1 1 100 INV
2 1 67 100 101 AND
2 1 68 100 102 AND
2 1 69 100 103 AND
2 1 70 100 104 AND
2 1 71 100 105 AND
2 1 72 100 106 AND
2 1 73 100 107 AND
2 1 74 100 108 AND
2 1 92 1 109 AND
2 1 93 1 110 AND
2 1 94 1 111 AND
2 1 95 1 112 AND
2 1 96 1 113 AND
2 1 97 1 114 AND
2 1 98 1 115 AND
2 1 99 1 116 AND
2 1 101 109 117 LOR
2 1 102 110 118 LOR
2 1 103 111 119 LOR
2 1 104 112 120 LOR
2 1 105 113 121 LOR
2 1 106 114 122 LOR
2 1 107 115 123 LOR
2 1 108 116 124 LOR
1 1 117 125 LID
1 1 118 126 LID
1 1 119 127 LID
1 1 120 128 LID
1 1 121 129 LID
1 1 122 130 LID
1 1 123 131 LID
1 1 124 132 LID
