65 98
1 33
1 16
1 1 0 33 INV
2 1 1 33 34 AND
2 1 2 33 35 AND
2 1 3 33 36 AND
2 1 4 33 37 AND
2 1 5 33 38 AND
2 1 6 33 39 AND
2 1 7 33 40 AND
2 1 8 33 41 AND
2 1 9 33 42 AND
2 1 10 33 43 AND
2 1 11 33 44 AND
2 1 12 33 45 AND
2 1 13 33 46 AND
2 1 14 33 47 AND
2 1 15 33 48 AND
2 1 16 33 49 AND
2 1 17 0 50 AND
2 1 18 0 51 AND
2 1 19 0 52 AND
2 1 20 0 53 AND
2 1 21 0 54 AND
2 1 22 0 55 AND
2 1 23 0 56 AND
2 1 24 0 57 AND
2 1 25 0 58 AND
2 1 26 0 59 AND
2 1 27 0 60 AND
2 1 28 0 61 AND
2 1 29 0 62 AND
2 1 30 0 63 AND
2 1 31 0 64 AND
2 1 32 0 65 AND
2 1 34 50 66 LOR
2 1 35 51 67 LOR
2 1 36 52 68 LOR
2 1 37 53 69 LOR
2 1 38 54 70 LOR
2 1 39 55 71 LOR
2 1 40 56 72 LOR
2 1 41 57 73 LOR
2 1 42 58 74 LOR
2 1 43 59 75 LOR
2 1 44 60 76 LOR
2 1 45 61 77 LOR
2 1 46 62 78 LOR
2 1 47 63 79 LOR
2 1 48 64 80 LOR
2 1 49 65 81 LOR
1 1 66 82 LID
1 1 67 83 LID
1 1 68 84 LID
1 1 69 85 LID
1 1 70 86 LID
1 1 71 87 LID
1 1 72 88 LID
1 1 73 89 LID
1 1 74 90 LID
1 1 75 91 LID
1 1 76 92 LID
1 1 77 93 LID
1 1 78 94 LID
1 1 79 95 LID
1 1 80 96 LID
1 1 81 97 LID
