227 261
1 34
1 16
2 1 2 18 34 AND
2 1 3 19 35 AND
2 1 4 20 36 AND
2 1 5 21 37 AND
2 1 6 22 38 AND
2 1 7 23 39 AND
2 1 8 24 40 AND
2 1 9 25 41 AND
2 1 10 26 42 AND
2 1 11 27 43 AND
2 1 12 28 44 AND
2 1 13 29 45 AND
2 1 14 30 46 AND
2 1 15 31 47 AND
2 1 16 32 48 AND
2 1 17 33 49 AND
2 1 2 18 50 LOR
2 1 3 19 51 LOR
2 1 4 20 52 LOR
2 1 5 21 53 LOR
2 1 6 22 54 LOR
2 1 7 23 55 LOR
2 1 8 24 56 LOR
2 1 9 25 57 LOR
2 1 10 26 58 LOR
2 1 11 27 59 LOR
2 1 12 28 60 LOR
2 1 13 29 61 LOR
2 1 14 30 62 LOR
2 1 15 31 63 LOR
2 1 16 32 64 LOR
2 1 17 33 65 LOR
2 1 2 18 66 XOR
2 1 3 19 67 XOR
2 1 4 20 68 XOR
2 1 5 21 69 XOR
2 1 6 22 70 XOR
2 1 7 23 71 XOR
2 1 8 24 72 XOR
2 1 9 25 73 XOR
2 1 10 26 74 XOR
2 1 11 27 75 XOR
2 1 12 28 76 XOR
2 1 13 29 77 XOR
2 1 14 30 78 XOR
2 1 15 31 79 XOR
2 1 16 32 80 XOR
2 1 17 33 81 XOR
1 1 2 82 INV
1 1 3 83 INV
1 1 4 84 INV
1 1 5 85 INV
1 1 6 86 INV
1 1 7 87 INV
1 1 8 88 INV
1 1 9 89 INV
1 1 10 90 INV
1 1 11 91 INV
1 1 12 92 INV
1 1 13 93 INV
1 1 14 94 INV
1 1 15 95 INV
1 1 16 96 INV
1 1 17 97 INV
1 1 0 98 INV
2 1 34 98 99 AND
2 1 35 98 100 AND
2 1 36 98 101 AND
2 1 37 98 102 AND
2 1 38 98 103 AND
2 1 39 98 104 AND
2 1 40 98 105 AND
2 1 41 98 106 AND
2 1 42 98 107 AND
2 1 43 98 108 AND
2 1 44 98 109 AND
2 1 45 98 110 AND
2 1 46 98 111 AND
2 1 47 98 112 AND
2 1 48 98 113 AND
2 1 49 98 114 AND
2 1 50 0 115 AND
2 1 51 0 116 AND
2 1 52 0 117 AND
2 1 53 0 118 AND
2 1 54 0 119 AND
2 1 55 0 120 AND
2 1 56 0 121 AND
2 1 57 0 122 AND
2 1 58 0 123 AND
2 1 59 0 124 AND
2 1 60 0 125 AND
2 1 61 0 126 AND
2 1 62 0 127 AND
2 1 63 0 128 AND
2 1 64 0 129 AND
2 1 65 0 130 AND
2 1 99 115 131 LOR
2 1 100 116 132 LOR
2 1 101 117 133 LOR
2 1 102 118 134 LOR
2 1 103 119 135 LOR
2 1 104 120 136 LOR
2 1 105 121 137 LOR
2 1 106 122 138 LOR
2 1 107 123 139 LOR
2 1 108 124 140 LOR
2 1 109 125 141 LOR
2 1 110 126 142 LOR
2 1 111 127 143 LOR
2 1 112 128 144 LOR
2 1 113 129 145 LOR
2 1 114 130 146 LOR
1 1 0 147 INV
2 1 66 147 148 AND
2 1 67 147 149 AND
2 1 68 147 150 AND
2 1 69 147 151 AND
2 1 70 147 152 AND
2 1 71 147 153 AND
2 1 72 147 154 AND
2 1 73 147 155 AND
2 1 74 147 156 AND
2 1 75 147 157 AND
2 1 76 147 158 AND
2 1 77 147 159 AND
2 1 78 147 160 AND
2 1 79 147 161 AND
2 1 80 147 162 AND
2 1 81 147 163 AND
2 1 82 0 164 AND
2 1 83 0 165 AND
2 1 84 0 166 AND
2 1 85 0 167 AND
2 1 86 0 168 AND
2 1 87 0 169 AND
2 1 88 0 170 AND
2 1 89 0 171 AND
2 1 90 0 172 AND
2 1 91 0 173 AND
2 1 92 0 174 AND
2 1 93 0 175 AND
2 1 94 0 176 AND
2 1 95 0 177 AND
2 1 96 0 178 AND
2 1 97 0 179 AND
2 1 148 164 180 LOR
2 1 149 165 181 LOR
2 1 150 166 182 LOR
2 1 151 167 183 LOR
2 1 152 168 184 LOR
2 1 153 169 185 LOR
2 1 154 170 186 LOR
2 1 155 171 187 LOR
2 1 156 172 188 LOR
2 1 157 173 189 LOR
2 1 158 174 190 LOR
2 1 159 175 191 LOR
2 1 160 176 192 LOR
2 1 161 177 193 LOR
2 1 162 178 194 LOR
2 1 163 179 195 LOR
1 1 1 196 INV
2 1 131 196 197 AND
2 1 132 196 198 AND
2 1 133 196 199 AND
2 1 134 196 200 AND
2 1 135 196 201 AND
2 1 136 196 202 AND
2 1 137 196 203 AND
2 1 138 196 204 AND
2 1 139 196 205 AND
2 1 140 196 206 AND
2 1 141 196 207 AND
2 1 142 196 208 AND
2 1 143 196 209 AND
2 1 144 196 210 AND
2 1 145 196 211 AND
2 1 146 196 212 AND
2 1 180 1 213 AND
2 1 181 1 214 AND
2 1 182 1 215 AND
2 1 183 1 216 AND
2 1 184 1 217 AND
2 1 185 1 218 AND
2 1 186 1 219 AND
2 1 187 1 220 AND
2 1 188 1 221 AND
2 1 189 1 222 AND
2 1 190 1 223 AND
2 1 191 1 224 AND
2 1 192 1 225 AND
2 1 193 1 226 AND
2 1 194 1 227 AND
2 1 195 1 228 AND
2 1 197 213 229 LOR
2 1 198 214 230 LOR
2 1 199 215 231 LOR
2 1 200 216 232 LOR
2 1 201 217 233 LOR
2 1 202 218 234 LOR
2 1 203 219 235 LOR
2 1 204 220 236 LOR
2 1 205 221 237 LOR
2 1 206 222 238 LOR
2 1 207 223 239 LOR
2 1 208 224 240 LOR
2 1 209 225 241 LOR
2 1 210 226 242 LOR
2 1 211 227 243 LOR
2 1 212 228 244 LOR
1 1 229 245 LID
1 1 230 246 LID
1 1 231 247 LID
1 1 232 248 LID
1 1 233 249 LID
1 1 234 250 LID
1 1 235 251 LID
1 1 236 252 LID
1 1 237 253 LID
1 1 238 254 LID
1 1 239 255 LID
1 1 240 256 LID
1 1 241 257 LID
1 1 242 258 LID
1 1 243 259 LID
1 1 244 260 LID
