98 130
1 32
1 17
2 1 31 31 32 XOR
2 1 15 31 33 XOR
2 1 15 31 34 AND
2 1 33 32 35 XOR
2 1 33 32 36 AND
2 1 34 36 37 LOR
2 1 14 30 38 XOR
2 1 14 30 39 AND
2 1 38 37 40 XOR
2 1 38 37 41 AND
2 1 39 41 42 LOR
2 1 13 29 43 XOR
2 1 13 29 44 AND
2 1 43 42 45 XOR
2 1 43 42 46 AND
2 1 44 46 47 LOR
2 1 12 28 48 XOR
2 1 12 28 49 AND
2 1 48 47 50 XOR
2 1 48 47 51 AND
2 1 49 51 52 LOR
2 1 11 27 53 XOR
2 1 11 27 54 AND
2 1 53 52 55 XOR
2 1 53 52 56 AND
2 1 54 56 57 LOR
2 1 10 26 58 XOR
2 1 10 26 59 AND
2 1 58 57 60 XOR
2 1 58 57 61 AND
2 1 59 61 62 LOR
2 1 9 25 63 XOR
2 1 9 25 64 AND
2 1 63 62 65 XOR
2 1 63 62 66 AND
2 1 64 66 67 LOR
2 1 8 24 68 XOR
2 1 8 24 69 AND
2 1 68 67 70 XOR
2 1 68 67 71 AND
2 1 69 71 72 LOR
2 1 7 23 73 XOR
2 1 7 23 74 AND
2 1 73 72 75 XOR
2 1 73 72 76 AND
2 1 74 76 77 LOR
2 1 6 22 78 XOR
2 1 6 22 79 AND
2 1 78 77 80 XOR
2 1 78 77 81 AND
2 1 79 81 82 LOR
2 1 5 21 83 XOR
2 1 5 21 84 AND
2 1 83 82 85 XOR
2 1 83 82 86 AND
2 1 84 86 87 LOR
2 1 4 20 88 XOR
2 1 4 20 89 AND
2 1 88 87 90 XOR
2 1 88 87 91 AND
2 1 89 91 92 LOR
2 1 3 19 93 XOR
2 1 3 19 94 AND
2 1 93 92 95 XOR
2 1 93 92 96 AND
2 1 94 96 97 LOR
2 1 2 18 98 XOR
2 1 2 18 99 AND
2 1 98 97 100 XOR
2 1 98 97 101 AND
2 1 99 101 102 LOR
2 1 1 17 103 XOR
2 1 1 17 104 AND
2 1 103 102 105 XOR
2 1 103 102 106 AND
2 1 104 106 107 LOR
2 1 0 16 108 XOR
2 1 0 16 109 AND
2 1 108 107 110 XOR
2 1 108 107 111 AND
2 1 109 111 112 LOR
1 1 112 113 LID
1 1 110 114 LID
1 1 105 115 LID
1 1 100 116 LID
1 1 95 117 LID
1 1 90 118 LID
1 1 85 119 LID
1 1 80 120 LID
1 1 75 121 LID
1 1 70 122 LID
1 1 65 123 LID
1 1 60 124 LID
1 1 55 125 LID
1 1 50 126 LID
1 1 45 127 LID
1 1 40 128 LID
1 1 35 129 LID
