421 455
1 34
1 20
2 1 17 17 34 XOR
1 1 34 35 INV
2 1 17 33 36 XOR
2 1 17 33 37 AND
2 1 36 34 38 XOR
2 1 36 34 39 AND
2 1 37 39 40 LOR
2 1 16 32 41 XOR
2 1 16 32 42 AND
2 1 41 40 43 XOR
2 1 41 40 44 AND
2 1 42 44 45 LOR
2 1 15 31 46 XOR
2 1 15 31 47 AND
2 1 46 45 48 XOR
2 1 46 45 49 AND
2 1 47 49 50 LOR
2 1 14 30 51 XOR
2 1 14 30 52 AND
2 1 51 50 53 XOR
2 1 51 50 54 AND
2 1 52 54 55 LOR
2 1 13 29 56 XOR
2 1 13 29 57 AND
2 1 56 55 58 XOR
2 1 56 55 59 AND
2 1 57 59 60 LOR
2 1 12 28 61 XOR
2 1 12 28 62 AND
2 1 61 60 63 XOR
2 1 61 60 64 AND
2 1 62 64 65 LOR
2 1 11 27 66 XOR
2 1 11 27 67 AND
2 1 66 65 68 XOR
2 1 66 65 69 AND
2 1 67 69 70 LOR
2 1 10 26 71 XOR
2 1 10 26 72 AND
2 1 71 70 73 XOR
2 1 71 70 74 AND
2 1 72 74 75 LOR
2 1 9 25 76 XOR
2 1 9 25 77 AND
2 1 76 75 78 XOR
2 1 76 75 79 AND
2 1 77 79 80 LOR
2 1 8 24 81 XOR
2 1 8 24 82 AND
2 1 81 80 83 XOR
2 1 81 80 84 AND
2 1 82 84 85 LOR
2 1 7 23 86 XOR
2 1 7 23 87 AND
2 1 86 85 88 XOR
2 1 86 85 89 AND
2 1 87 89 90 LOR
2 1 6 22 91 XOR
2 1 6 22 92 AND
2 1 91 90 93 XOR
2 1 91 90 94 AND
2 1 92 94 95 LOR
2 1 5 21 96 XOR
2 1 5 21 97 AND
2 1 96 95 98 XOR
2 1 96 95 99 AND
2 1 97 99 100 LOR
2 1 4 20 101 XOR
2 1 4 20 102 AND
2 1 101 100 103 XOR
2 1 101 100 104 AND
2 1 102 104 105 LOR
2 1 3 19 106 XOR
2 1 3 19 107 AND
2 1 106 105 108 XOR
2 1 106 105 109 AND
2 1 107 109 110 LOR
2 1 2 18 111 XOR
2 1 2 18 112 AND
2 1 111 110 113 XOR
2 1 111 110 114 AND
2 1 112 114 115 LOR
1 1 18 116 INV
1 1 19 117 INV
1 1 20 118 INV
1 1 21 119 INV
1 1 22 120 INV
1 1 23 121 INV
1 1 24 122 INV
1 1 25 123 INV
1 1 26 124 INV
1 1 27 125 INV
1 1 28 126 INV
1 1 29 127 INV
1 1 30 128 INV
1 1 31 129 INV
1 1 32 130 INV
1 1 33 131 INV
2 1 17 131 132 XOR
2 1 17 131 133 AND
2 1 132 35 134 AND
2 1 132 35 135 XOR
2 1 133 134 136 LOR
2 1 16 130 137 XOR
2 1 16 130 138 AND
2 1 137 136 139 AND
2 1 137 136 140 XOR
2 1 138 139 141 LOR
2 1 15 129 142 XOR
2 1 15 129 143 AND
2 1 142 141 144 AND
2 1 142 141 145 XOR
2 1 143 144 146 LOR
2 1 14 128 147 XOR
2 1 14 128 148 AND
2 1 147 146 149 AND
2 1 147 146 150 XOR
2 1 148 149 151 LOR
2 1 13 127 152 XOR
2 1 13 127 153 AND
2 1 152 151 154 AND
2 1 152 151 155 XOR
2 1 153 154 156 LOR
2 1 12 126 157 XOR
2 1 12 126 158 AND
2 1 157 156 159 AND
2 1 157 156 160 XOR
2 1 158 159 161 LOR
2 1 11 125 162 XOR
2 1 11 125 163 AND
2 1 162 161 164 AND
2 1 162 161 165 XOR
2 1 163 164 166 LOR
2 1 10 124 167 XOR
2 1 10 124 168 AND
2 1 167 166 169 AND
2 1 167 166 170 XOR
2 1 168 169 171 LOR
2 1 9 123 172 XOR
2 1 9 123 173 AND
2 1 172 171 174 AND
2 1 172 171 175 XOR
2 1 173 174 176 LOR
2 1 8 122 177 XOR
2 1 8 122 178 AND
2 1 177 176 179 AND
2 1 177 176 180 XOR
2 1 178 179 181 LOR
2 1 7 121 182 XOR
2 1 7 121 183 AND
2 1 182 181 184 AND
2 1 182 181 185 XOR
2 1 183 184 186 LOR
2 1 6 120 187 XOR
2 1 6 120 188 AND
2 1 187 186 189 AND
2 1 187 186 190 XOR
2 1 188 189 191 LOR
2 1 5 119 192 XOR
2 1 5 119 193 AND
2 1 192 191 194 AND
2 1 192 191 195 XOR
2 1 193 194 196 LOR
2 1 4 118 197 XOR
2 1 4 118 198 AND
2 1 197 196 199 AND
2 1 197 196 200 XOR
2 1 198 199 201 LOR
2 1 3 117 202 XOR
2 1 3 117 203 AND
2 1 202 201 204 AND
2 1 202 201 205 XOR
2 1 203 204 206 LOR
2 1 2 116 207 XOR
2 1 2 116 208 AND
2 1 207 206 209 AND
2 1 207 206 210 XOR
2 1 208 209 211 LOR
2 1 17 35 212 XOR
2 1 17 35 213 AND
2 1 16 213 214 XOR
2 1 16 213 215 AND
2 1 15 215 216 XOR
2 1 15 215 217 AND
2 1 14 217 218 XOR
2 1 14 217 219 AND
2 1 13 219 220 XOR
2 1 13 219 221 AND
2 1 12 221 222 XOR
2 1 12 221 223 AND
2 1 11 223 224 XOR
2 1 11 223 225 AND
2 1 10 225 226 XOR
2 1 10 225 227 AND
2 1 9 227 228 XOR
2 1 9 227 229 AND
2 1 8 229 230 XOR
2 1 8 229 231 AND
2 1 7 231 232 XOR
2 1 7 231 233 AND
2 1 6 233 234 XOR
2 1 6 233 235 AND
2 1 5 235 236 XOR
2 1 5 235 237 AND
2 1 4 237 238 XOR
2 1 4 237 239 AND
2 1 3 239 240 XOR
2 1 3 239 241 AND
2 1 2 241 242 XOR
2 1 2 241 243 AND
2 1 17 35 244 XOR
1 1 17 245 INV
2 1 245 35 246 AND
2 1 16 246 247 XOR
1 1 16 248 INV
2 1 248 246 249 AND
2 1 15 249 250 XOR
1 1 15 251 INV
2 1 251 249 252 AND
2 1 14 252 253 XOR
1 1 14 254 INV
2 1 254 252 255 AND
2 1 13 255 256 XOR
1 1 13 257 INV
2 1 257 255 258 AND
2 1 12 258 259 XOR
1 1 12 260 INV
2 1 260 258 261 AND
2 1 11 261 262 XOR
1 1 11 263 INV
2 1 263 261 264 AND
2 1 10 264 265 XOR
1 1 10 266 INV
2 1 266 264 267 AND
2 1 9 267 268 XOR
1 1 9 269 INV
2 1 269 267 270 AND
2 1 8 270 271 XOR
1 1 8 272 INV
2 1 272 270 273 AND
2 1 7 273 274 XOR
1 1 7 275 INV
2 1 275 273 276 AND
2 1 6 276 277 XOR
1 1 6 278 INV
2 1 278 276 279 AND
2 1 5 279 280 XOR
1 1 5 281 INV
2 1 281 279 282 AND
2 1 4 282 283 XOR
1 1 4 284 INV
2 1 284 282 285 AND
2 1 3 285 286 XOR
1 1 3 287 INV
2 1 287 285 288 AND
2 1 2 288 289 XOR
1 1 2 290 INV
2 1 290 288 291 AND
1 1 0 292 INV
2 1 113 292 293 AND
2 1 108 292 294 AND
2 1 103 292 295 AND
2 1 98 292 296 AND
2 1 93 292 297 AND
2 1 88 292 298 AND
2 1 83 292 299 AND
2 1 78 292 300 AND
2 1 73 292 301 AND
2 1 68 292 302 AND
2 1 63 292 303 AND
2 1 58 292 304 AND
2 1 53 292 305 AND
2 1 48 292 306 AND
2 1 43 292 307 AND
2 1 38 292 308 AND
2 1 210 0 309 AND
2 1 205 0 310 AND
2 1 200 0 311 AND
2 1 195 0 312 AND
2 1 190 0 313 AND
2 1 185 0 314 AND
2 1 180 0 315 AND
2 1 175 0 316 AND
2 1 170 0 317 AND
2 1 165 0 318 AND
2 1 160 0 319 AND
2 1 155 0 320 AND
2 1 150 0 321 AND
2 1 145 0 322 AND
2 1 140 0 323 AND
2 1 135 0 324 AND
2 1 293 309 325 LOR
2 1 294 310 326 LOR
2 1 295 311 327 LOR
2 1 296 312 328 LOR
2 1 297 313 329 LOR
2 1 298 314 330 LOR
2 1 299 315 331 LOR
2 1 300 316 332 LOR
2 1 301 317 333 LOR
2 1 302 318 334 LOR
2 1 303 319 335 LOR
2 1 304 320 336 LOR
2 1 305 321 337 LOR
2 1 306 322 338 LOR
2 1 307 323 339 LOR
2 1 308 324 340 LOR
1 1 0 341 INV
2 1 242 341 342 AND
2 1 240 341 343 AND
2 1 238 341 344 AND
2 1 236 341 345 AND
2 1 234 341 346 AND
2 1 232 341 347 AND
2 1 230 341 348 AND
2 1 228 341 349 AND
2 1 226 341 350 AND
2 1 224 341 351 AND
2 1 222 341 352 AND
2 1 220 341 353 AND
2 1 218 341 354 AND
2 1 216 341 355 AND
2 1 214 341 356 AND
2 1 212 341 357 AND
2 1 289 0 358 AND
2 1 286 0 359 AND
2 1 283 0 360 AND
2 1 280 0 361 AND
2 1 277 0 362 AND
2 1 274 0 363 AND
2 1 271 0 364 AND
2 1 268 0 365 AND
2 1 265 0 366 AND
2 1 262 0 367 AND
2 1 259 0 368 AND
2 1 256 0 369 AND
2 1 253 0 370 AND
2 1 250 0 371 AND
2 1 247 0 372 AND
2 1 244 0 373 AND
2 1 342 358 374 LOR
2 1 343 359 375 LOR
2 1 344 360 376 LOR
2 1 345 361 377 LOR
2 1 346 362 378 LOR
2 1 347 363 379 LOR
2 1 348 364 380 LOR
2 1 349 365 381 LOR
2 1 350 366 382 LOR
2 1 351 367 383 LOR
2 1 352 368 384 LOR
2 1 353 369 385 LOR
2 1 354 370 386 LOR
2 1 355 371 387 LOR
2 1 356 372 388 LOR
2 1 357 373 389 LOR
1 1 1 390 INV
2 1 325 390 391 AND
2 1 326 390 392 AND
2 1 327 390 393 AND
2 1 328 390 394 AND
2 1 329 390 395 AND
2 1 330 390 396 AND
2 1 331 390 397 AND
2 1 332 390 398 AND
2 1 333 390 399 AND
2 1 334 390 400 AND
2 1 335 390 401 AND
2 1 336 390 402 AND
2 1 337 390 403 AND
2 1 338 390 404 AND
2 1 339 390 405 AND
2 1 340 390 406 AND
2 1 374 1 407 AND
2 1 375 1 408 AND
2 1 376 1 409 AND
2 1 377 1 410 AND
2 1 378 1 411 AND
2 1 379 1 412 AND
2 1 380 1 413 AND
2 1 381 1 414 AND
2 1 382 1 415 AND
2 1 383 1 416 AND
2 1 384 1 417 AND
2 1 385 1 418 AND
2 1 386 1 419 AND
2 1 387 1 420 AND
2 1 388 1 421 AND
2 1 389 1 422 AND
2 1 391 407 423 LOR
2 1 392 408 424 LOR
2 1 393 409 425 LOR
2 1 394 410 426 LOR
2 1 395 411 427 LOR
2 1 396 412 428 LOR
2 1 397 413 429 LOR
2 1 398 414 430 LOR
2 1 399 415 431 LOR
2 1 400 416 432 LOR
2 1 401 417 433 LOR
2 1 402 418 434 LOR
2 1 403 419 435 LOR
2 1 404 420 436 LOR
2 1 405 421 437 LOR
2 1 406 422 438 LOR
1 1 423 439 LID
1 1 424 440 LID
1 1 425 441 LID
1 1 426 442 LID
1 1 427 443 LID
1 1 428 444 LID
1 1 429 445 LID
1 1 430 446 LID
1 1 431 447 LID
1 1 432 448 LID
1 1 433 449 LID
1 1 434 450 LID
1 1 435 451 LID
1 1 436 452 LID
1 1 437 453 LID
1 1 438 454 LID
