49 66
1 17
1 17
1 1 0 17 INV
2 1 16 17 18 XOR
2 1 16 17 19 AND
2 1 15 19 20 XOR
2 1 15 19 21 AND
2 1 14 21 22 XOR
2 1 14 21 23 AND
2 1 13 23 24 XOR
2 1 13 23 25 AND
2 1 12 25 26 XOR
2 1 12 25 27 AND
2 1 11 27 28 XOR
2 1 11 27 29 AND
2 1 10 29 30 XOR
2 1 10 29 31 AND
2 1 9 31 32 XOR
2 1 9 31 33 AND
2 1 8 33 34 XOR
2 1 8 33 35 AND
2 1 7 35 36 XOR
2 1 7 35 37 AND
2 1 6 37 38 XOR
2 1 6 37 39 AND
2 1 5 39 40 XOR
2 1 5 39 41 AND
2 1 4 41 42 XOR
2 1 4 41 43 AND
2 1 3 43 44 XOR
2 1 3 43 45 AND
2 1 2 45 46 XOR
2 1 2 45 47 AND
2 1 1 47 48 XOR
2 1 1 47 49 AND
1 1 48 50 LID
1 1 46 51 LID
1 1 44 52 LID
1 1 42 53 LID
1 1 40 54 LID
1 1 38 55 LID
1 1 36 56 LID
1 1 34 57 LID
1 1 32 58 LID
1 1 30 59 LID
1 1 28 60 LID
1 1 26 61 LID
1 1 24 62 LID
1 1 22 63 LID
1 1 20 64 LID
1 1 18 65 LID
