193 258
1 65
1 65
1 1 0 65 INV
2 1 64 65 66 XOR
2 1 64 65 67 AND
2 1 63 67 68 XOR
2 1 63 67 69 AND
2 1 62 69 70 XOR
2 1 62 69 71 AND
2 1 61 71 72 XOR
2 1 61 71 73 AND
2 1 60 73 74 XOR
2 1 60 73 75 AND
2 1 59 75 76 XOR
2 1 59 75 77 AND
2 1 58 77 78 XOR
2 1 58 77 79 AND
2 1 57 79 80 XOR
2 1 57 79 81 AND
2 1 56 81 82 XOR
2 1 56 81 83 AND
2 1 55 83 84 XOR
2 1 55 83 85 AND
2 1 54 85 86 XOR
2 1 54 85 87 AND
2 1 53 87 88 XOR
2 1 53 87 89 AND
2 1 52 89 90 XOR
2 1 52 89 91 AND
2 1 51 91 92 XOR
2 1 51 91 93 AND
2 1 50 93 94 XOR
2 1 50 93 95 AND
2 1 49 95 96 XOR
2 1 49 95 97 AND
2 1 48 97 98 XOR
2 1 48 97 99 AND
2 1 47 99 100 XOR
2 1 47 99 101 AND
2 1 46 101 102 XOR
2 1 46 101 103 AND
2 1 45 103 104 XOR
2 1 45 103 105 AND
2 1 44 105 106 XOR
2 1 44 105 107 AND
2 1 43 107 108 XOR
2 1 43 107 109 AND
2 1 42 109 110 XOR
2 1 42 109 111 AND
2 1 41 111 112 XOR
2 1 41 111 113 AND
2 1 40 113 114 XOR
2 1 40 113 115 AND
2 1 39 115 116 XOR
2 1 39 115 117 AND
2 1 38 117 118 XOR
2 1 38 117 119 AND
2 1 37 119 120 XOR
2 1 37 119 121 AND
2 1 36 121 122 XOR
2 1 36 121 123 AND
2 1 35 123 124 XOR
2 1 35 123 125 AND
2 1 34 125 126 XOR
2 1 34 125 127 AND
2 1 33 127 128 XOR
2 1 33 127 129 AND
2 1 32 129 130 XOR
2 1 32 129 131 AND
2 1 31 131 132 XOR
2 1 31 131 133 AND
2 1 30 133 134 XOR
2 1 30 133 135 AND
2 1 29 135 136 XOR
2 1 29 135 137 AND
2 1 28 137 138 XOR
2 1 28 137 139 AND
2 1 27 139 140 XOR
2 1 27 139 141 AND
2 1 26 141 142 XOR
2 1 26 141 143 AND
2 1 25 143 144 XOR
2 1 25 143 145 AND
2 1 24 145 146 XOR
2 1 24 145 147 AND
2 1 23 147 148 XOR
2 1 23 147 149 AND
2 1 22 149 150 XOR
2 1 22 149 151 AND
2 1 21 151 152 XOR
2 1 21 151 153 AND
2 1 20 153 154 XOR
2 1 20 153 155 AND
2 1 19 155 156 XOR
2 1 19 155 157 AND
2 1 18 157 158 XOR
2 1 18 157 159 AND
2 1 17 159 160 XOR
2 1 17 159 161 AND
2 1 16 161 162 XOR
2 1 16 161 163 AND
2 1 15 163 164 XOR
2 1 15 163 165 AND
2 1 14 165 166 XOR
2 1 14 165 167 AND
2 1 13 167 168 XOR
2 1 13 167 169 AND
2 1 12 169 170 XOR
2 1 12 169 171 AND
2 1 11 171 172 XOR
2 1 11 171 173 AND
2 1 10 173 174 XOR
2 1 10 173 175 AND
2 1 9 175 176 XOR
2 1 9 175 177 AND
2 1 8 177 178 XOR
2 1 8 177 179 AND
2 1 7 179 180 XOR
2 1 7 179 181 AND
2 1 6 181 182 XOR
2 1 6 181 183 AND
2 1 5 183 184 XOR
2 1 5 183 185 AND
2 1 4 185 186 XOR
2 1 4 185 187 AND
2 1 3 187 188 XOR
2 1 3 187 189 AND
2 1 2 189 190 XOR
2 1 2 189 191 AND
2 1 1 191 192 XOR
2 1 1 191 193 AND
1 1 192 194 LID
1 1 190 195 LID
1 1 188 196 LID
1 1 186 197 LID
1 1 184 198 LID
1 1 182 199 LID
1 1 180 200 LID
1 1 178 201 LID
1 1 176 202 LID
1 1 174 203 LID
1 1 172 204 LID
1 1 170 205 LID
1 1 168 206 LID
1 1 166 207 LID
1 1 164 208 LID
1 1 162 209 LID
1 1 160 210 LID
1 1 158 211 LID
1 1 156 212 LID
1 1 154 213 LID
1 1 152 214 LID
1 1 150 215 LID
1 1 148 216 LID
1 1 146 217 LID
1 1 144 218 LID
1 1 142 219 LID
1 1 140 220 LID
1 1 138 221 LID
1 1 136 222 LID
1 1 134 223 LID
1 1 132 224 LID
1 1 130 225 LID
1 1 128 226 LID
1 1 126 227 LID
1 1 124 228 LID
1 1 122 229 LID
1 1 120 230 LID
1 1 118 231 LID
1 1 116 232 LID
1 1 114 233 LID
1 1 112 234 LID
1 1 110 235 LID
1 1 108 236 LID
1 1 106 237 LID
1 1 104 238 LID
1 1 102 239 LID
1 1 100 240 LID
1 1 98 241 LID
1 1 96 242 LID
1 1 94 243 LID
1 1 92 244 LID
1 1 90 245 LID
1 1 88 246 LID
1 1 86 247 LID
1 1 84 248 LID
1 1 82 249 LID
1 1 80 250 LID
1 1 78 251 LID
1 1 76 252 LID
1 1 74 253 LID
1 1 72 254 LID
1 1 70 255 LID
1 1 68 256 LID
1 1 66 257 LID
