257 386
1 129
1 64
1 1 0 129 INV
2 1 1 129 130 AND
2 1 2 129 131 AND
2 1 3 129 132 AND
2 1 4 129 133 AND
2 1 5 129 134 AND
2 1 6 129 135 AND
2 1 7 129 136 AND
2 1 8 129 137 AND
2 1 9 129 138 AND
2 1 10 129 139 AND
2 1 11 129 140 AND
2 1 12 129 141 AND
2 1 13 129 142 AND
2 1 14 129 143 AND
2 1 15 129 144 AND
2 1 16 129 145 AND
2 1 17 129 146 AND
2 1 18 129 147 AND
2 1 19 129 148 AND
2 1 20 129 149 AND
2 1 21 129 150 AND
2 1 22 129 151 AND
2 1 23 129 152 AND
2 1 24 129 153 AND
2 1 25 129 154 AND
2 1 26 129 155 AND
2 1 27 129 156 AND
2 1 28 129 157 AND
2 1 29 129 158 AND
2 1 30 129 159 AND
2 1 31 129 160 AND
2 1 32 129 161 AND
2 1 33 129 162 AND
2 1 34 129 163 AND
2 1 35 129 164 AND
2 1 36 129 165 AND
2 1 37 129 166 AND
2 1 38 129 167 AND
2 1 39 129 168 AND
2 1 40 129 169 AND
2 1 41 129 170 AND
2 1 42 129 171 AND
2 1 43 129 172 AND
2 1 44 129 173 AND
2 1 45 129 174 AND
2 1 46 129 175 AND
2 1 47 129 176 AND
2 1 48 129 177 AND
2 1 49 129 178 AND
2 1 50 129 179 AND
2 1 51 129 180 AND
2 1 52 129 181 AND
2 1 53 129 182 AND
2 1 54 129 183 AND
2 1 55 129 184 AND
2 1 56 129 185 AND
2 1 57 129 186 AND
2 1 58 129 187 AND
2 1 59 129 188 AND
2 1 60 129 189 AND
2 1 61 129 190 AND
2 1 62 129 191 AND
2 1 63 129 192 AND
2 1 64 129 193 AND
2 1 65 0 194 AND
2 1 66 0 195 AND
2 1 67 0 196 AND
2 1 68 0 197 AND
2 1 69 0 198 AND
2 1 70 0 199 AND
2 1 71 0 200 AND
2 1 72 0 201 AND
2 1 73 0 202 AND
2 1 74 0 203 AND
2 1 75 0 204 AND
2 1 76 0 205 AND
2 1 77 0 206 AND
2 1 78 0 207 AND
2 1 79 0 208 AND
2 1 80 0 209 AND
2 1 81 0 210 AND
2 1 82 0 211 AND
2 1 83 0 212 AND
2 1 84 0 213 AND
2 1 85 0 214 AND
2 1 86 0 215 AND
2 1 87 0 216 AND
2 1 88 0 217 AND
2 1 89 0 218 AND
2 1 90 0 219 AND
2 1 91 0 220 AND
2 1 92 0 221 AND
2 1 93 0 222 AND
2 1 94 0 223 AND
2 1 95 0 224 AND
2 1 96 0 225 AND
2 1 97 0 226 AND
2 1 98 0 227 AND
2 1 99 0 228 AND
2 1 100 0 229 AND
2 1 101 0 230 AND
2 1 102 0 231 AND
2 1 103 0 232 AND
2 1 104 0 233 AND
2 1 105 0 234 AND
2 1 106 0 235 AND
2 1 107 0 236 AND
2 1 108 0 237 AND
2 1 109 0 238 AND
2 1 110 0 239 AND
2 1 111 0 240 AND
2 1 112 0 241 AND
2 1 113 0 242 AND
2 1 114 0 243 AND
2 1 115 0 244 AND
2 1 116 0 245 AND
2 1 117 0 246 AND
2 1 118 0 247 AND
2 1 119 0 248 AND
2 1 120 0 249 AND
2 1 121 0 250 AND
2 1 122 0 251 AND
2 1 123 0 252 AND
2 1 124 0 253 AND
2 1 125 0 254 AND
2 1 126 0 255 AND
2 1 127 0 256 AND
2 1 128 0 257 AND
2 1 130 194 258 LOR
2 1 131 195 259 LOR
2 1 132 196 260 LOR
2 1 133 197 261 LOR
2 1 134 198 262 LOR
2 1 135 199 263 LOR
2 1 136 200 264 LOR
2 1 137 201 265 LOR
2 1 138 202 266 LOR
2 1 139 203 267 LOR
2 1 140 204 268 LOR
2 1 141 205 269 LOR
2 1 142 206 270 LOR
2 1 143 207 271 LOR
2 1 144 208 272 LOR
2 1 145 209 273 LOR
2 1 146 210 274 LOR
2 1 147 211 275 LOR
2 1 148 212 276 LOR
2 1 149 213 277 LOR
2 1 150 214 278 LOR
2 1 151 215 279 LOR
2 1 152 216 280 LOR
2 1 153 217 281 LOR
2 1 154 218 282 LOR
2 1 155 219 283 LOR
2 1 156 220 284 LOR
2 1 157 221 285 LOR
2 1 158 222 286 LOR
2 1 159 223 287 LOR
2 1 160 224 288 LOR
2 1 161 225 289 LOR
2 1 162 226 290 LOR
2 1 163 227 291 LOR
2 1 164 228 292 LOR
2 1 165 229 293 LOR
2 1 166 230 294 LOR
2 1 167 231 295 LOR
2 1 168 232 296 LOR
2 1 169 233 297 LOR
2 1 170 234 298 LOR
2 1 171 235 299 LOR
2 1 172 236 300 LOR
2 1 173 237 301 LOR
2 1 174 238 302 LOR
2 1 175 239 303 LOR
2 1 176 240 304 LOR
2 1 177 241 305 LOR
2 1 178 242 306 LOR
2 1 179 243 307 LOR
2 1 180 244 308 LOR
2 1 181 245 309 LOR
2 1 182 246 310 LOR
2 1 183 247 311 LOR
2 1 184 248 312 LOR
2 1 185 249 313 LOR
2 1 186 250 314 LOR
2 1 187 251 315 LOR
2 1 188 252 316 LOR
2 1 189 253 317 LOR
2 1 190 254 318 LOR
2 1 191 255 319 LOR
2 1 192 256 320 LOR
2 1 193 257 321 LOR
1 1 258 322 LID
1 1 259 323 LID
1 1 260 324 LID
1 1 261 325 LID
1 1 262 326 LID
1 1 263 327 LID
1 1 264 328 LID
1 1 265 329 LID
1 1 266 330 LID
1 1 267 331 LID
1 1 268 332 LID
1 1 269 333 LID
1 1 270 334 LID
1 1 271 335 LID
1 1 272 336 LID
1 1 273 337 LID
1 1 274 338 LID
1 1 275 339 LID
1 1 276 340 LID
1 1 277 341 LID
1 1 278 342 LID
1 1 279 343 LID
1 1 280 344 LID
1 1 281 345 LID
1 1 282 346 LID
1 1 283 347 LID
1 1 284 348 LID
1 1 285 349 LID
1 1 286 350 LID
1 1 287 351 LID
1 1 288 352 LID
1 1 289 353 LID
1 1 290 354 LID
1 1 291 355 LID
1 1 292 356 LID
1 1 293 357 LID
1 1 294 358 LID
1 1 295 359 LID
1 1 296 360 LID
1 1 297 361 LID
1 1 298 362 LID
1 1 299 363 LID
1 1 300 364 LID
1 1 301 365 LID
1 1 302 366 LID
1 1 303 367 LID
1 1 304 368 LID
1 1 305 369 LID
1 1 306 370 LID
1 1 307 371 LID
1 1 308 372 LID
1 1 309 373 LID
1 1 310 374 LID
1 1 311 375 LID
1 1 312 376 LID
1 1 313 377 LID
1 1 314 378 LID
1 1 315 379 LID
1 1 316 380 LID
1 1 317 381 LID
1 1 318 382 LID
1 1 319 383 LID
1 1 320 384 LID
1 1 321 385 LID
