257 322
1 65
1 128
1 1 0 65 INV
2 1 1 65 66 AND
2 1 2 65 67 AND
2 1 3 65 68 AND
2 1 4 65 69 AND
2 1 5 65 70 AND
2 1 6 65 71 AND
2 1 7 65 72 AND
2 1 8 65 73 AND
2 1 9 65 74 AND
2 1 10 65 75 AND
2 1 11 65 76 AND
2 1 12 65 77 AND
2 1 13 65 78 AND
2 1 14 65 79 AND
2 1 15 65 80 AND
2 1 16 65 81 AND
2 1 17 65 82 AND
2 1 18 65 83 AND
2 1 19 65 84 AND
2 1 20 65 85 AND
2 1 21 65 86 AND
2 1 22 65 87 AND
2 1 23 65 88 AND
2 1 24 65 89 AND
2 1 25 65 90 AND
2 1 26 65 91 AND
2 1 27 65 92 AND
2 1 28 65 93 AND
2 1 29 65 94 AND
2 1 30 65 95 AND
2 1 31 65 96 AND
2 1 32 65 97 AND
2 1 33 65 98 AND
2 1 34 65 99 AND
2 1 35 65 100 AND
2 1 36 65 101 AND
2 1 37 65 102 AND
2 1 38 65 103 AND
2 1 39 65 104 AND
2 1 40 65 105 AND
2 1 41 65 106 AND
2 1 42 65 107 AND
2 1 43 65 108 AND
2 1 44 65 109 AND
2 1 45 65 110 AND
2 1 46 65 111 AND
2 1 47 65 112 AND
2 1 48 65 113 AND
2 1 49 65 114 AND
2 1 50 65 115 AND
2 1 51 65 116 AND
2 1 52 65 117 AND
2 1 53 65 118 AND
2 1 54 65 119 AND
2 1 55 65 120 AND
2 1 56 65 121 AND
2 1 57 65 122 AND
2 1 58 65 123 AND
2 1 59 65 124 AND
2 1 60 65 125 AND
2 1 61 65 126 AND
2 1 62 65 127 AND
2 1 63 65 128 AND
2 1 64 65 129 AND
2 1 1 0 130 AND
2 1 2 0 131 AND
2 1 3 0 132 AND
2 1 4 0 133 AND
2 1 5 0 134 AND
2 1 6 0 135 AND
2 1 7 0 136 AND
2 1 8 0 137 AND
2 1 9 0 138 AND
2 1 10 0 139 AND
2 1 11 0 140 AND
2 1 12 0 141 AND
2 1 13 0 142 AND
2 1 14 0 143 AND
2 1 15 0 144 AND
2 1 16 0 145 AND
2 1 17 0 146 AND
2 1 18 0 147 AND
2 1 19 0 148 AND
2 1 20 0 149 AND
2 1 21 0 150 AND
2 1 22 0 151 AND
2 1 23 0 152 AND
2 1 24 0 153 AND
2 1 25 0 154 AND
2 1 26 0 155 AND
2 1 27 0 156 AND
2 1 28 0 157 AND
2 1 29 0 158 AND
2 1 30 0 159 AND
2 1 31 0 160 AND
2 1 32 0 161 AND
2 1 33 0 162 AND
2 1 34 0 163 AND
2 1 35 0 164 AND
2 1 36 0 165 AND
2 1 37 0 166 AND
2 1 38 0 167 AND
2 1 39 0 168 AND
2 1 40 0 169 AND
2 1 41 0 170 AND
2 1 42 0 171 AND
2 1 43 0 172 AND
2 1 44 0 173 AND
2 1 45 0 174 AND
2 1 46 0 175 AND
2 1 47 0 176 AND
2 1 48 0 177 AND
2 1 49 0 178 AND
2 1 50 0 179 AND
2 1 51 0 180 AND
2 1 52 0 181 AND
2 1 53 0 182 AND
2 1 54 0 183 AND
2 1 55 0 184 AND
2 1 56 0 185 AND
2 1 57 0 186 AND
2 1 58 0 187 AND
2 1 59 0 188 AND
2 1 60 0 189 AND
2 1 61 0 190 AND
2 1 62 0 191 AND
2 1 63 0 192 AND
2 1 64 0 193 AND
1 1 66 194 LID
1 1 67 195 LID
1 1 68 196 LID
1 1 69 197 LID
1 1 70 198 LID
1 1 71 199 LID
1 1 72 200 LID
1 1 73 201 LID
1 1 74 202 LID
1 1 75 203 LID
1 1 76 204 LID
1 1 77 205 LID
1 1 78 206 LID
1 1 79 207 LID
1 1 80 208 LID
1 1 81 209 LID
1 1 82 210 LID
1 1 83 211 LID
1 1 84 212 LID
1 1 85 213 LID
1 1 86 214 LID
1 1 87 215 LID
1 1 88 216 LID
1 1 89 217 LID
1 1 90 218 LID
1 1 91 219 LID
1 1 92 220 LID
1 1 93 221 LID
1 1 94 222 LID
1 1 95 223 LID
1 1 96 224 LID
1 1 97 225 LID
1 1 98 226 LID
1 1 99 227 LID
1 1 100 228 LID
1 1 101 229 LID
1 1 102 230 LID
1 1 103 231 LID
1 1 104 232 LID
1 1 105 233 LID
1 1 106 234 LID
1 1 107 235 LID
1 1 108 236 LID
1 1 109 237 LID
1 1 110 238 LID
1 1 111 239 LID
1 1 112 240 LID
1 1 113 241 LID
1 1 114 242 LID
1 1 115 243 LID
1 1 116 244 LID
1 1 117 245 LID
1 1 118 246 LID
1 1 119 247 LID
1 1 120 248 LID
1 1 121 249 LID
1 1 122 250 LID
1 1 123 251 LID
1 1 124 252 LID
1 1 125 253 LID
1 1 126 254 LID
1 1 127 255 LID
1 1 128 256 LID
1 1 129 257 LID
1 1 130 258 LID
1 1 131 259 LID
1 1 132 260 LID
1 1 133 261 LID
1 1 134 262 LID
1 1 135 263 LID
1 1 136 264 LID
1 1 137 265 LID
1 1 138 266 LID
1 1 139 267 LID
1 1 140 268 LID
1 1 141 269 LID
1 1 142 270 LID
1 1 143 271 LID
1 1 144 272 LID
1 1 145 273 LID
1 1 146 274 LID
1 1 147 275 LID
1 1 148 276 LID
1 1 149 277 LID
1 1 150 278 LID
1 1 151 279 LID
1 1 152 280 LID
1 1 153 281 LID
1 1 154 282 LID
1 1 155 283 LID
1 1 156 284 LID
1 1 157 285 LID
1 1 158 286 LID
1 1 159 287 LID
1 1 160 288 LID
1 1 161 289 LID
1 1 162 290 LID
1 1 163 291 LID
1 1 164 292 LID
1 1 165 293 LID
1 1 166 294 LID
1 1 167 295 LID
1 1 168 296 LID
1 1 169 297 LID
1 1 170 298 LID
1 1 171 299 LID
1 1 172 300 LID
1 1 173 301 LID
1 1 174 302 LID
1 1 175 303 LID
1 1 176 304 LID
1 1 177 305 LID
1 1 178 306 LID
1 1 179 307 LID
1 1 180 308 LID
1 1 181 309 LID
1 1 182 310 LID
1 1 183 311 LID
1 1 184 312 LID
1 1 185 313 LID
1 1 186 314 LID
1 1 187 315 LID
1 1 188 316 LID
1 1 189 317 LID
1 1 190 318 LID
1 1 191 319 LID
1 1 192 320 LID
1 1 193 321 LID
