1669 1799
1 130
1 68
2 1 65 65 130 XOR
1 1 130 131 INV
2 1 65 129 132 XOR
2 1 65 129 133 AND
2 1 132 130 134 XOR
2 1 132 130 135 AND
2 1 133 135 136 LOR
2 1 64 128 137 XOR
2 1 64 128 138 AND
2 1 137 136 139 XOR
2 1 137 136 140 AND
2 1 138 140 141 LOR
2 1 63 127 142 XOR
2 1 63 127 143 AND
2 1 142 141 144 XOR
2 1 142 141 145 AND
2 1 143 145 146 LOR
2 1 62 126 147 XOR
2 1 62 126 148 AND
2 1 147 146 149 XOR
2 1 147 146 150 AND
2 1 148 150 151 LOR
2 1 61 125 152 XOR
2 1 61 125 153 AND
2 1 152 151 154 XOR
2 1 152 151 155 AND
2 1 153 155 156 LOR
2 1 60 124 157 XOR
2 1 60 124 158 AND
2 1 157 156 159 XOR
2 1 157 156 160 AND
2 1 158 160 161 LOR
2 1 59 123 162 XOR
2 1 59 123 163 AND
2 1 162 161 164 XOR
2 1 162 161 165 AND
2 1 163 165 166 LOR
2 1 58 122 167 XOR
2 1 58 122 168 AND
2 1 167 166 169 XOR
2 1 167 166 170 AND
2 1 168 170 171 LOR
2 1 57 121 172 XOR
2 1 57 121 173 AND
2 1 172 171 174 XOR
2 1 172 171 175 AND
2 1 173 175 176 LOR
2 1 56 120 177 XOR
2 1 56 120 178 AND
2 1 177 176 179 XOR
2 1 177 176 180 AND
2 1 178 180 181 LOR
2 1 55 119 182 XOR
2 1 55 119 183 AND
2 1 182 181 184 XOR
2 1 182 181 185 AND
2 1 183 185 186 LOR
2 1 54 118 187 XOR
2 1 54 118 188 AND
2 1 187 186 189 XOR
2 1 187 186 190 AND
2 1 188 190 191 LOR
2 1 53 117 192 XOR
2 1 53 117 193 AND
2 1 192 191 194 XOR
2 1 192 191 195 AND
2 1 193 195 196 LOR
2 1 52 116 197 XOR
2 1 52 116 198 AND
2 1 197 196 199 XOR
2 1 197 196 200 AND
2 1 198 200 201 LOR
2 1 51 115 202 XOR
2 1 51 115 203 AND
2 1 202 201 204 XOR
2 1 202 201 205 AND
2 1 203 205 206 LOR
2 1 50 114 207 XOR
2 1 50 114 208 AND
2 1 207 206 209 XOR
2 1 207 206 210 AND
2 1 208 210 211 LOR
2 1 49 113 212 XOR
2 1 49 113 213 AND
2 1 212 211 214 XOR
2 1 212 211 215 AND
2 1 213 215 216 LOR
2 1 48 112 217 XOR
2 1 48 112 218 AND
2 1 217 216 219 XOR
2 1 217 216 220 AND
2 1 218 220 221 LOR
2 1 47 111 222 XOR
2 1 47 111 223 AND
2 1 222 221 224 XOR
2 1 222 221 225 AND
2 1 223 225 226 LOR
2 1 46 110 227 XOR
2 1 46 110 228 AND
2 1 227 226 229 XOR
2 1 227 226 230 AND
2 1 228 230 231 LOR
2 1 45 109 232 XOR
2 1 45 109 233 AND
2 1 232 231 234 XOR
2 1 232 231 235 AND
2 1 233 235 236 LOR
2 1 44 108 237 XOR
2 1 44 108 238 AND
2 1 237 236 239 XOR
2 1 237 236 240 AND
2 1 238 240 241 LOR
2 1 43 107 242 XOR
2 1 43 107 243 AND
2 1 242 241 244 XOR
2 1 242 241 245 AND
2 1 243 245 246 LOR
2 1 42 106 247 XOR
2 1 42 106 248 AND
2 1 247 246 249 XOR
2 1 247 246 250 AND
2 1 248 250 251 LOR
2 1 41 105 252 XOR
2 1 41 105 253 AND
2 1 252 251 254 XOR
2 1 252 251 255 AND
2 1 253 255 256 LOR
2 1 40 104 257 XOR
2 1 40 104 258 AND
2 1 257 256 259 XOR
2 1 257 256 260 AND
2 1 258 260 261 LOR
2 1 39 103 262 XOR
2 1 39 103 263 AND
2 1 262 261 264 XOR
2 1 262 261 265 AND
2 1 263 265 266 LOR
2 1 38 102 267 XOR
2 1 38 102 268 AND
2 1 267 266 269 XOR
2 1 267 266 270 AND
2 1 268 270 271 LOR
2 1 37 101 272 XOR
2 1 37 101 273 AND
2 1 272 271 274 XOR
2 1 272 271 275 AND
2 1 273 275 276 LOR
2 1 36 100 277 XOR
2 1 36 100 278 AND
2 1 277 276 279 XOR
2 1 277 276 280 AND
2 1 278 280 281 LOR
2 1 35 99 282 XOR
2 1 35 99 283 AND
2 1 282 281 284 XOR
2 1 282 281 285 AND
2 1 283 285 286 LOR
2 1 34 98 287 XOR
2 1 34 98 288 AND
2 1 287 286 289 XOR
2 1 287 286 290 AND
2 1 288 290 291 LOR
2 1 33 97 292 XOR
2 1 33 97 293 AND
2 1 292 291 294 XOR
2 1 292 291 295 AND
2 1 293 295 296 LOR
2 1 32 96 297 XOR
2 1 32 96 298 AND
2 1 297 296 299 XOR
2 1 297 296 300 AND
2 1 298 300 301 LOR
2 1 31 95 302 XOR
2 1 31 95 303 AND
2 1 302 301 304 XOR
2 1 302 301 305 AND
2 1 303 305 306 LOR
2 1 30 94 307 XOR
2 1 30 94 308 AND
2 1 307 306 309 XOR
2 1 307 306 310 AND
2 1 308 310 311 LOR
2 1 29 93 312 XOR
2 1 29 93 313 AND
2 1 312 311 314 XOR
2 1 312 311 315 AND
2 1 313 315 316 LOR
2 1 28 92 317 XOR
2 1 28 92 318 AND
2 1 317 316 319 XOR
2 1 317 316 320 AND
2 1 318 320 321 LOR
2 1 27 91 322 XOR
2 1 27 91 323 AND
2 1 322 321 324 XOR
2 1 322 321 325 AND
2 1 323 325 326 LOR
2 1 26 90 327 XOR
2 1 26 90 328 AND
2 1 327 326 329 XOR
2 1 327 326 330 AND
2 1 328 330 331 LOR
2 1 25 89 332 XOR
2 1 25 89 333 AND
2 1 332 331 334 XOR
2 1 332 331 335 AND
2 1 333 335 336 LOR
2 1 24 88 337 XOR
2 1 24 88 338 AND
2 1 337 336 339 XOR
2 1 337 336 340 AND
2 1 338 340 341 LOR
2 1 23 87 342 XOR
2 1 23 87 343 AND
2 1 342 341 344 XOR
2 1 342 341 345 AND
2 1 343 345 346 LOR
2 1 22 86 347 XOR
2 1 22 86 348 AND
2 1 347 346 349 XOR
2 1 347 346 350 AND
2 1 348 350 351 LOR
2 1 21 85 352 XOR
2 1 21 85 353 AND
2 1 352 351 354 XOR
2 1 352 351 355 AND
2 1 353 355 356 LOR
2 1 20 84 357 XOR
2 1 20 84 358 AND
2 1 357 356 359 XOR
2 1 357 356 360 AND
2 1 358 360 361 LOR
2 1 19 83 362 XOR
2 1 19 83 363 AND
2 1 362 361 364 XOR
2 1 362 361 365 AND
2 1 363 365 366 LOR
2 1 18 82 367 XOR
2 1 18 82 368 AND
2 1 367 366 369 XOR
2 1 367 366 370 AND
2 1 368 370 371 LOR
2 1 17 81 372 XOR
2 1 17 81 373 AND
2 1 372 371 374 XOR
2 1 372 371 375 AND
2 1 373 375 376 LOR
2 1 16 80 377 XOR
2 1 16 80 378 AND
2 1 377 376 379 XOR
2 1 377 376 380 AND
2 1 378 380 381 LOR
2 1 15 79 382 XOR
2 1 15 79 383 AND
2 1 382 381 384 XOR
2 1 382 381 385 AND
2 1 383 385 386 LOR
2 1 14 78 387 XOR
2 1 14 78 388 AND
2 1 387 386 389 XOR
2 1 387 386 390 AND
2 1 388 390 391 LOR
2 1 13 77 392 XOR
2 1 13 77 393 AND
2 1 392 391 394 XOR
2 1 392 391 395 AND
2 1 393 395 396 LOR
2 1 12 76 397 XOR
2 1 12 76 398 AND
2 1 397 396 399 XOR
2 1 397 396 400 AND
2 1 398 400 401 LOR
2 1 11 75 402 XOR
2 1 11 75 403 AND
2 1 402 401 404 XOR
2 1 402 401 405 AND
2 1 403 405 406 LOR
2 1 10 74 407 XOR
2 1 10 74 408 AND
2 1 407 406 409 XOR
2 1 407 406 410 AND
2 1 408 410 411 LOR
2 1 9 73 412 XOR
2 1 9 73 413 AND
2 1 412 411 414 XOR
2 1 412 411 415 AND
2 1 413 415 416 LOR
2 1 8 72 417 XOR
2 1 8 72 418 AND
2 1 417 416 419 XOR
2 1 417 416 420 AND
2 1 418 420 421 LOR
2 1 7 71 422 XOR
2 1 7 71 423 AND
2 1 422 421 424 XOR
2 1 422 421 425 AND
2 1 423 425 426 LOR
2 1 6 70 427 XOR
2 1 6 70 428 AND
2 1 427 426 429 XOR
2 1 427 426 430 AND
2 1 428 430 431 LOR
2 1 5 69 432 XOR
2 1 5 69 433 AND
2 1 432 431 434 XOR
2 1 432 431 435 AND
2 1 433 435 436 LOR
2 1 4 68 437 XOR
2 1 4 68 438 AND
2 1 437 436 439 XOR
2 1 437 436 440 AND
2 1 438 440 441 LOR
2 1 3 67 442 XOR
2 1 3 67 443 AND
2 1 442 441 444 XOR
2 1 442 441 445 AND
2 1 443 445 446 LOR
2 1 2 66 447 XOR
2 1 2 66 448 AND
2 1 447 446 449 XOR
2 1 447 446 450 AND
2 1 448 450 451 LOR
1 1 66 452 INV
1 1 67 453 INV
1 1 68 454 INV
1 1 69 455 INV
1 1 70 456 INV
1 1 71 457 INV
1 1 72 458 INV
1 1 73 459 INV
1 1 74 460 INV
1 1 75 461 INV
1 1 76 462 INV
1 1 77 463 INV
1 1 78 464 INV
1 1 79 465 INV
1 1 80 466 INV
1 1 81 467 INV
1 1 82 468 INV
1 1 83 469 INV
1 1 84 470 INV
1 1 85 471 INV
1 1 86 472 INV
1 1 87 473 INV
1 1 88 474 INV
1 1 89 475 INV
1 1 90 476 INV
1 1 91 477 INV
1 1 92 478 INV
1 1 93 479 INV
1 1 94 480 INV
1 1 95 481 INV
1 1 96 482 INV
1 1 97 483 INV
1 1 98 484 INV
1 1 99 485 INV
1 1 100 486 INV
1 1 101 487 INV
1 1 102 488 INV
1 1 103 489 INV
1 1 104 490 INV
1 1 105 491 INV
1 1 106 492 INV
1 1 107 493 INV
1 1 108 494 INV
1 1 109 495 INV
1 1 110 496 INV
1 1 111 497 INV
1 1 112 498 INV
1 1 113 499 INV
1 1 114 500 INV
1 1 115 501 INV
1 1 116 502 INV
1 1 117 503 INV
1 1 118 504 INV
1 1 119 505 INV
1 1 120 506 INV
1 1 121 507 INV
1 1 122 508 INV
1 1 123 509 INV
1 1 124 510 INV
1 1 125 511 INV
1 1 126 512 INV
1 1 127 513 INV
1 1 128 514 INV
1 1 129 515 INV
2 1 65 515 516 XOR
2 1 65 515 517 AND
2 1 516 131 518 AND
2 1 516 131 519 XOR
2 1 517 518 520 LOR
2 1 64 514 521 XOR
2 1 64 514 522 AND
2 1 521 520 523 AND
2 1 521 520 524 XOR
2 1 522 523 525 LOR
2 1 63 513 526 XOR
2 1 63 513 527 AND
2 1 526 525 528 AND
2 1 526 525 529 XOR
2 1 527 528 530 LOR
2 1 62 512 531 XOR
2 1 62 512 532 AND
2 1 531 530 533 AND
2 1 531 530 534 XOR
2 1 532 533 535 LOR
2 1 61 511 536 XOR
2 1 61 511 537 AND
2 1 536 535 538 AND
2 1 536 535 539 XOR
2 1 537 538 540 LOR
2 1 60 510 541 XOR
2 1 60 510 542 AND
2 1 541 540 543 AND
2 1 541 540 544 XOR
2 1 542 543 545 LOR
2 1 59 509 546 XOR
2 1 59 509 547 AND
2 1 546 545 548 AND
2 1 546 545 549 XOR
2 1 547 548 550 LOR
2 1 58 508 551 XOR
2 1 58 508 552 AND
2 1 551 550 553 AND
2 1 551 550 554 XOR
2 1 552 553 555 LOR
2 1 57 507 556 XOR
2 1 57 507 557 AND
2 1 556 555 558 AND
2 1 556 555 559 XOR
2 1 557 558 560 LOR
2 1 56 506 561 XOR
2 1 56 506 562 AND
2 1 561 560 563 AND
2 1 561 560 564 XOR
2 1 562 563 565 LOR
2 1 55 505 566 XOR
2 1 55 505 567 AND
2 1 566 565 568 AND
2 1 566 565 569 XOR
2 1 567 568 570 LOR
2 1 54 504 571 XOR
2 1 54 504 572 AND
2 1 571 570 573 AND
2 1 571 570 574 XOR
2 1 572 573 575 LOR
2 1 53 503 576 XOR
2 1 53 503 577 AND
2 1 576 575 578 AND
2 1 576 575 579 XOR
2 1 577 578 580 LOR
2 1 52 502 581 XOR
2 1 52 502 582 AND
2 1 581 580 583 AND
2 1 581 580 584 XOR
2 1 582 583 585 LOR
2 1 51 501 586 XOR
2 1 51 501 587 AND
2 1 586 585 588 AND
2 1 586 585 589 XOR
2 1 587 588 590 LOR
2 1 50 500 591 XOR
2 1 50 500 592 AND
2 1 591 590 593 AND
2 1 591 590 594 XOR
2 1 592 593 595 LOR
2 1 49 499 596 XOR
2 1 49 499 597 AND
2 1 596 595 598 AND
2 1 596 595 599 XOR
2 1 597 598 600 LOR
2 1 48 498 601 XOR
2 1 48 498 602 AND
2 1 601 600 603 AND
2 1 601 600 604 XOR
2 1 602 603 605 LOR
2 1 47 497 606 XOR
2 1 47 497 607 AND
2 1 606 605 608 AND
2 1 606 605 609 XOR
2 1 607 608 610 LOR
2 1 46 496 611 XOR
2 1 46 496 612 AND
2 1 611 610 613 AND
2 1 611 610 614 XOR
2 1 612 613 615 LOR
2 1 45 495 616 XOR
2 1 45 495 617 AND
2 1 616 615 618 AND
2 1 616 615 619 XOR
2 1 617 618 620 LOR
2 1 44 494 621 XOR
2 1 44 494 622 AND
2 1 621 620 623 AND
2 1 621 620 624 XOR
2 1 622 623 625 LOR
2 1 43 493 626 XOR
2 1 43 493 627 AND
2 1 626 625 628 AND
2 1 626 625 629 XOR
2 1 627 628 630 LOR
2 1 42 492 631 XOR
2 1 42 492 632 AND
2 1 631 630 633 AND
2 1 631 630 634 XOR
2 1 632 633 635 LOR
2 1 41 491 636 XOR
2 1 41 491 637 AND
2 1 636 635 638 AND
2 1 636 635 639 XOR
2 1 637 638 640 LOR
2 1 40 490 641 XOR
2 1 40 490 642 AND
2 1 641 640 643 AND
2 1 641 640 644 XOR
2 1 642 643 645 LOR
2 1 39 489 646 XOR
2 1 39 489 647 AND
2 1 646 645 648 AND
2 1 646 645 649 XOR
2 1 647 648 650 LOR
2 1 38 488 651 XOR
2 1 38 488 652 AND
2 1 651 650 653 AND
2 1 651 650 654 XOR
2 1 652 653 655 LOR
2 1 37 487 656 XOR
2 1 37 487 657 AND
2 1 656 655 658 AND
2 1 656 655 659 XOR
2 1 657 658 660 LOR
2 1 36 486 661 XOR
2 1 36 486 662 AND
2 1 661 660 663 AND
2 1 661 660 664 XOR
2 1 662 663 665 LOR
2 1 35 485 666 XOR
2 1 35 485 667 AND
2 1 666 665 668 AND
2 1 666 665 669 XOR
2 1 667 668 670 LOR
2 1 34 484 671 XOR
2 1 34 484 672 AND
2 1 671 670 673 AND
2 1 671 670 674 XOR
2 1 672 673 675 LOR
2 1 33 483 676 XOR
2 1 33 483 677 AND
2 1 676 675 678 AND
2 1 676 675 679 XOR
2 1 677 678 680 LOR
2 1 32 482 681 XOR
2 1 32 482 682 AND
2 1 681 680 683 AND
2 1 681 680 684 XOR
2 1 682 683 685 LOR
2 1 31 481 686 XOR
2 1 31 481 687 AND
2 1 686 685 688 AND
2 1 686 685 689 XOR
2 1 687 688 690 LOR
2 1 30 480 691 XOR
2 1 30 480 692 AND
2 1 691 690 693 AND
2 1 691 690 694 XOR
2 1 692 693 695 LOR
2 1 29 479 696 XOR
2 1 29 479 697 AND
2 1 696 695 698 AND
2 1 696 695 699 XOR
2 1 697 698 700 LOR
2 1 28 478 701 XOR
2 1 28 478 702 AND
2 1 701 700 703 AND
2 1 701 700 704 XOR
2 1 702 703 705 LOR
2 1 27 477 706 XOR
2 1 27 477 707 AND
2 1 706 705 708 AND
2 1 706 705 709 XOR
2 1 707 708 710 LOR
2 1 26 476 711 XOR
2 1 26 476 712 AND
2 1 711 710 713 AND
2 1 711 710 714 XOR
2 1 712 713 715 LOR
2 1 25 475 716 XOR
2 1 25 475 717 AND
2 1 716 715 718 AND
2 1 716 715 719 XOR
2 1 717 718 720 LOR
2 1 24 474 721 XOR
2 1 24 474 722 AND
2 1 721 720 723 AND
2 1 721 720 724 XOR
2 1 722 723 725 LOR
2 1 23 473 726 XOR
2 1 23 473 727 AND
2 1 726 725 728 AND
2 1 726 725 729 XOR
2 1 727 728 730 LOR
2 1 22 472 731 XOR
2 1 22 472 732 AND
2 1 731 730 733 AND
2 1 731 730 734 XOR
2 1 732 733 735 LOR
2 1 21 471 736 XOR
2 1 21 471 737 AND
2 1 736 735 738 AND
2 1 736 735 739 XOR
2 1 737 738 740 LOR
2 1 20 470 741 XOR
2 1 20 470 742 AND
2 1 741 740 743 AND
2 1 741 740 744 XOR
2 1 742 743 745 LOR
2 1 19 469 746 XOR
2 1 19 469 747 AND
2 1 746 745 748 AND
2 1 746 745 749 XOR
2 1 747 748 750 LOR
2 1 18 468 751 XOR
2 1 18 468 752 AND
2 1 751 750 753 AND
2 1 751 750 754 XOR
2 1 752 753 755 LOR
2 1 17 467 756 XOR
2 1 17 467 757 AND
2 1 756 755 758 AND
2 1 756 755 759 XOR
2 1 757 758 760 LOR
2 1 16 466 761 XOR
2 1 16 466 762 AND
2 1 761 760 763 AND
2 1 761 760 764 XOR
2 1 762 763 765 LOR
2 1 15 465 766 XOR
2 1 15 465 767 AND
2 1 766 765 768 AND
2 1 766 765 769 XOR
2 1 767 768 770 LOR
2 1 14 464 771 XOR
2 1 14 464 772 AND
2 1 771 770 773 AND
2 1 771 770 774 XOR
2 1 772 773 775 LOR
2 1 13 463 776 XOR
2 1 13 463 777 AND
2 1 776 775 778 AND
2 1 776 775 779 XOR
2 1 777 778 780 LOR
2 1 12 462 781 XOR
2 1 12 462 782 AND
2 1 781 780 783 AND
2 1 781 780 784 XOR
2 1 782 783 785 LOR
2 1 11 461 786 XOR
2 1 11 461 787 AND
2 1 786 785 788 AND
2 1 786 785 789 XOR
2 1 787 788 790 LOR
2 1 10 460 791 XOR
2 1 10 460 792 AND
2 1 791 790 793 AND
2 1 791 790 794 XOR
2 1 792 793 795 LOR
2 1 9 459 796 XOR
2 1 9 459 797 AND
2 1 796 795 798 AND
2 1 796 795 799 XOR
2 1 797 798 800 LOR
2 1 8 458 801 XOR
2 1 8 458 802 AND
2 1 801 800 803 AND
2 1 801 800 804 XOR
2 1 802 803 805 LOR
2 1 7 457 806 XOR
2 1 7 457 807 AND
2 1 806 805 808 AND
2 1 806 805 809 XOR
2 1 807 808 810 LOR
2 1 6 456 811 XOR
2 1 6 456 812 AND
2 1 811 810 813 AND
2 1 811 810 814 XOR
2 1 812 813 815 LOR
2 1 5 455 816 XOR
2 1 5 455 817 AND
2 1 816 815 818 AND
2 1 816 815 819 XOR
2 1 817 818 820 LOR
2 1 4 454 821 XOR
2 1 4 454 822 AND
2 1 821 820 823 AND
2 1 821 820 824 XOR
2 1 822 823 825 LOR
2 1 3 453 826 XOR
2 1 3 453 827 AND
2 1 826 825 828 AND
2 1 826 825 829 XOR
2 1 827 828 830 LOR
2 1 2 452 831 XOR
2 1 2 452 832 AND
2 1 831 830 833 AND
2 1 831 830 834 XOR
2 1 832 833 835 LOR
2 1 65 131 836 XOR
2 1 65 131 837 AND
2 1 64 837 838 XOR
2 1 64 837 839 AND
2 1 63 839 840 XOR
2 1 63 839 841 AND
2 1 62 841 842 XOR
2 1 62 841 843 AND
2 1 61 843 844 XOR
2 1 61 843 845 AND
2 1 60 845 846 XOR
2 1 60 845 847 AND
2 1 59 847 848 XOR
2 1 59 847 849 AND
2 1 58 849 850 XOR
2 1 58 849 851 AND
2 1 57 851 852 XOR
2 1 57 851 853 AND
2 1 56 853 854 XOR
2 1 56 853 855 AND
2 1 55 855 856 XOR
2 1 55 855 857 AND
2 1 54 857 858 XOR
2 1 54 857 859 AND
2 1 53 859 860 XOR
2 1 53 859 861 AND
2 1 52 861 862 XOR
2 1 52 861 863 AND
2 1 51 863 864 XOR
2 1 51 863 865 AND
2 1 50 865 866 XOR
2 1 50 865 867 AND
2 1 49 867 868 XOR
2 1 49 867 869 AND
2 1 48 869 870 XOR
2 1 48 869 871 AND
2 1 47 871 872 XOR
2 1 47 871 873 AND
2 1 46 873 874 XOR
2 1 46 873 875 AND
2 1 45 875 876 XOR
2 1 45 875 877 AND
2 1 44 877 878 XOR
2 1 44 877 879 AND
2 1 43 879 880 XOR
2 1 43 879 881 AND
2 1 42 881 882 XOR
2 1 42 881 883 AND
2 1 41 883 884 XOR
2 1 41 883 885 AND
2 1 40 885 886 XOR
2 1 40 885 887 AND
2 1 39 887 888 XOR
2 1 39 887 889 AND
2 1 38 889 890 XOR
2 1 38 889 891 AND
2 1 37 891 892 XOR
2 1 37 891 893 AND
2 1 36 893 894 XOR
2 1 36 893 895 AND
2 1 35 895 896 XOR
2 1 35 895 897 AND
2 1 34 897 898 XOR
2 1 34 897 899 AND
2 1 33 899 900 XOR
2 1 33 899 901 AND
2 1 32 901 902 XOR
2 1 32 901 903 AND
2 1 31 903 904 XOR
2 1 31 903 905 AND
2 1 30 905 906 XOR
2 1 30 905 907 AND
2 1 29 907 908 XOR
2 1 29 907 909 AND
2 1 28 909 910 XOR
2 1 28 909 911 AND
2 1 27 911 912 XOR
2 1 27 911 913 AND
2 1 26 913 914 XOR
2 1 26 913 915 AND
2 1 25 915 916 XOR
2 1 25 915 917 AND
2 1 24 917 918 XOR
2 1 24 917 919 AND
2 1 23 919 920 XOR
2 1 23 919 921 AND
2 1 22 921 922 XOR
2 1 22 921 923 AND
2 1 21 923 924 XOR
2 1 21 923 925 AND
2 1 20 925 926 XOR
2 1 20 925 927 AND
2 1 19 927 928 XOR
2 1 19 927 929 AND
2 1 18 929 930 XOR
2 1 18 929 931 AND
2 1 17 931 932 XOR
2 1 17 931 933 AND
2 1 16 933 934 XOR
2 1 16 933 935 AND
2 1 15 935 936 XOR
2 1 15 935 937 AND
2 1 14 937 938 XOR
2 1 14 937 939 AND
2 1 13 939 940 XOR
2 1 13 939 941 AND
2 1 12 941 942 XOR
2 1 12 941 943 AND
2 1 11 943 944 XOR
2 1 11 943 945 AND
2 1 10 945 946 XOR
2 1 10 945 947 AND
2 1 9 947 948 XOR
2 1 9 947 949 AND
2 1 8 949 950 XOR
2 1 8 949 951 AND
2 1 7 951 952 XOR
2 1 7 951 953 AND
2 1 6 953 954 XOR
2 1 6 953 955 AND
2 1 5 955 956 XOR
2 1 5 955 957 AND
2 1 4 957 958 XOR
2 1 4 957 959 AND
2 1 3 959 960 XOR
2 1 3 959 961 AND
2 1 2 961 962 XOR
2 1 2 961 963 AND
2 1 65 131 964 XOR
1 1 65 965 INV
2 1 965 131 966 AND
2 1 64 966 967 XOR
1 1 64 968 INV
2 1 968 966 969 AND
2 1 63 969 970 XOR
1 1 63 971 INV
2 1 971 969 972 AND
2 1 62 972 973 XOR
1 1 62 974 INV
2 1 974 972 975 AND
2 1 61 975 976 XOR
1 1 61 977 INV
2 1 977 975 978 AND
2 1 60 978 979 XOR
1 1 60 980 INV
2 1 980 978 981 AND
2 1 59 981 982 XOR
1 1 59 983 INV
2 1 983 981 984 AND
2 1 58 984 985 XOR
1 1 58 986 INV
2 1 986 984 987 AND
2 1 57 987 988 XOR
1 1 57 989 INV
2 1 989 987 990 AND
2 1 56 990 991 XOR
1 1 56 992 INV
2 1 992 990 993 AND
2 1 55 993 994 XOR
1 1 55 995 INV
2 1 995 993 996 AND
2 1 54 996 997 XOR
1 1 54 998 INV
2 1 998 996 999 AND
2 1 53 999 1000 XOR
1 1 53 1001 INV
2 1 1001 999 1002 AND
2 1 52 1002 1003 XOR
1 1 52 1004 INV
2 1 1004 1002 1005 AND
2 1 51 1005 1006 XOR
1 1 51 1007 INV
2 1 1007 1005 1008 AND
2 1 50 1008 1009 XOR
1 1 50 1010 INV
2 1 1010 1008 1011 AND
2 1 49 1011 1012 XOR
1 1 49 1013 INV
2 1 1013 1011 1014 AND
2 1 48 1014 1015 XOR
1 1 48 1016 INV
2 1 1016 1014 1017 AND
2 1 47 1017 1018 XOR
1 1 47 1019 INV
2 1 1019 1017 1020 AND
2 1 46 1020 1021 XOR
1 1 46 1022 INV
2 1 1022 1020 1023 AND
2 1 45 1023 1024 XOR
1 1 45 1025 INV
2 1 1025 1023 1026 AND
2 1 44 1026 1027 XOR
1 1 44 1028 INV
2 1 1028 1026 1029 AND
2 1 43 1029 1030 XOR
1 1 43 1031 INV
2 1 1031 1029 1032 AND
2 1 42 1032 1033 XOR
1 1 42 1034 INV
2 1 1034 1032 1035 AND
2 1 41 1035 1036 XOR
1 1 41 1037 INV
2 1 1037 1035 1038 AND
2 1 40 1038 1039 XOR
1 1 40 1040 INV
2 1 1040 1038 1041 AND
2 1 39 1041 1042 XOR
1 1 39 1043 INV
2 1 1043 1041 1044 AND
2 1 38 1044 1045 XOR
1 1 38 1046 INV
2 1 1046 1044 1047 AND
2 1 37 1047 1048 XOR
1 1 37 1049 INV
2 1 1049 1047 1050 AND
2 1 36 1050 1051 XOR
1 1 36 1052 INV
2 1 1052 1050 1053 AND
2 1 35 1053 1054 XOR
1 1 35 1055 INV
2 1 1055 1053 1056 AND
2 1 34 1056 1057 XOR
1 1 34 1058 INV
2 1 1058 1056 1059 AND
2 1 33 1059 1060 XOR
1 1 33 1061 INV
2 1 1061 1059 1062 AND
2 1 32 1062 1063 XOR
1 1 32 1064 INV
2 1 1064 1062 1065 AND
2 1 31 1065 1066 XOR
1 1 31 1067 INV
2 1 1067 1065 1068 AND
2 1 30 1068 1069 XOR
1 1 30 1070 INV
2 1 1070 1068 1071 AND
2 1 29 1071 1072 XOR
1 1 29 1073 INV
2 1 1073 1071 1074 AND
2 1 28 1074 1075 XOR
1 1 28 1076 INV
2 1 1076 1074 1077 AND
2 1 27 1077 1078 XOR
1 1 27 1079 INV
2 1 1079 1077 1080 AND
2 1 26 1080 1081 XOR
1 1 26 1082 INV
2 1 1082 1080 1083 AND
2 1 25 1083 1084 XOR
1 1 25 1085 INV
2 1 1085 1083 1086 AND
2 1 24 1086 1087 XOR
1 1 24 1088 INV
2 1 1088 1086 1089 AND
2 1 23 1089 1090 XOR
1 1 23 1091 INV
2 1 1091 1089 1092 AND
2 1 22 1092 1093 XOR
1 1 22 1094 INV
2 1 1094 1092 1095 AND
2 1 21 1095 1096 XOR
1 1 21 1097 INV
2 1 1097 1095 1098 AND
2 1 20 1098 1099 XOR
1 1 20 1100 INV
2 1 1100 1098 1101 AND
2 1 19 1101 1102 XOR
1 1 19 1103 INV
2 1 1103 1101 1104 AND
2 1 18 1104 1105 XOR
1 1 18 1106 INV
2 1 1106 1104 1107 AND
2 1 17 1107 1108 XOR
1 1 17 1109 INV
2 1 1109 1107 1110 AND
2 1 16 1110 1111 XOR
1 1 16 1112 INV
2 1 1112 1110 1113 AND
2 1 15 1113 1114 XOR
1 1 15 1115 INV
2 1 1115 1113 1116 AND
2 1 14 1116 1117 XOR
1 1 14 1118 INV
2 1 1118 1116 1119 AND
2 1 13 1119 1120 XOR
1 1 13 1121 INV
2 1 1121 1119 1122 AND
2 1 12 1122 1123 XOR
1 1 12 1124 INV
2 1 1124 1122 1125 AND
2 1 11 1125 1126 XOR
1 1 11 1127 INV
2 1 1127 1125 1128 AND
2 1 10 1128 1129 XOR
1 1 10 1130 INV
2 1 1130 1128 1131 AND
2 1 9 1131 1132 XOR
1 1 9 1133 INV
2 1 1133 1131 1134 AND
2 1 8 1134 1135 XOR
1 1 8 1136 INV
2 1 1136 1134 1137 AND
2 1 7 1137 1138 XOR
1 1 7 1139 INV
2 1 1139 1137 1140 AND
2 1 6 1140 1141 XOR
1 1 6 1142 INV
2 1 1142 1140 1143 AND
2 1 5 1143 1144 XOR
1 1 5 1145 INV
2 1 1145 1143 1146 AND
2 1 4 1146 1147 XOR
1 1 4 1148 INV
2 1 1148 1146 1149 AND
2 1 3 1149 1150 XOR
1 1 3 1151 INV
2 1 1151 1149 1152 AND
2 1 2 1152 1153 XOR
1 1 2 1154 INV
2 1 1154 1152 1155 AND
1 1 0 1156 INV
2 1 449 1156 1157 AND
2 1 444 1156 1158 AND
2 1 439 1156 1159 AND
2 1 434 1156 1160 AND
2 1 429 1156 1161 AND
2 1 424 1156 1162 AND
2 1 419 1156 1163 AND
2 1 414 1156 1164 AND
2 1 409 1156 1165 AND
2 1 404 1156 1166 AND
2 1 399 1156 1167 AND
2 1 394 1156 1168 AND
2 1 389 1156 1169 AND
2 1 384 1156 1170 AND
2 1 379 1156 1171 AND
2 1 374 1156 1172 AND
2 1 369 1156 1173 AND
2 1 364 1156 1174 AND
2 1 359 1156 1175 AND
2 1 354 1156 1176 AND
2 1 349 1156 1177 AND
2 1 344 1156 1178 AND
2 1 339 1156 1179 AND
2 1 334 1156 1180 AND
2 1 329 1156 1181 AND
2 1 324 1156 1182 AND
2 1 319 1156 1183 AND
2 1 314 1156 1184 AND
2 1 309 1156 1185 AND
2 1 304 1156 1186 AND
2 1 299 1156 1187 AND
2 1 294 1156 1188 AND
2 1 289 1156 1189 AND
2 1 284 1156 1190 AND
2 1 279 1156 1191 AND
2 1 274 1156 1192 AND
2 1 269 1156 1193 AND
2 1 264 1156 1194 AND
2 1 259 1156 1195 AND
2 1 254 1156 1196 AND
2 1 249 1156 1197 AND
2 1 244 1156 1198 AND
2 1 239 1156 1199 AND
2 1 234 1156 1200 AND
2 1 229 1156 1201 AND
2 1 224 1156 1202 AND
2 1 219 1156 1203 AND
2 1 214 1156 1204 AND
2 1 209 1156 1205 AND
2 1 204 1156 1206 AND
2 1 199 1156 1207 AND
2 1 194 1156 1208 AND
2 1 189 1156 1209 AND
2 1 184 1156 1210 AND
2 1 179 1156 1211 AND
2 1 174 1156 1212 AND
2 1 169 1156 1213 AND
2 1 164 1156 1214 AND
2 1 159 1156 1215 AND
2 1 154 1156 1216 AND
2 1 149 1156 1217 AND
2 1 144 1156 1218 AND
2 1 139 1156 1219 AND
2 1 134 1156 1220 AND
2 1 834 0 1221 AND
2 1 829 0 1222 AND
2 1 824 0 1223 AND
2 1 819 0 1224 AND
2 1 814 0 1225 AND
2 1 809 0 1226 AND
2 1 804 0 1227 AND
2 1 799 0 1228 AND
2 1 794 0 1229 AND
2 1 789 0 1230 AND
2 1 784 0 1231 AND
2 1 779 0 1232 AND
2 1 774 0 1233 AND
2 1 769 0 1234 AND
2 1 764 0 1235 AND
2 1 759 0 1236 AND
2 1 754 0 1237 AND
2 1 749 0 1238 AND
2 1 744 0 1239 AND
2 1 739 0 1240 AND
2 1 734 0 1241 AND
2 1 729 0 1242 AND
2 1 724 0 1243 AND
2 1 719 0 1244 AND
2 1 714 0 1245 AND
2 1 709 0 1246 AND
2 1 704 0 1247 AND
2 1 699 0 1248 AND
2 1 694 0 1249 AND
2 1 689 0 1250 AND
2 1 684 0 1251 AND
2 1 679 0 1252 AND
2 1 674 0 1253 AND
2 1 669 0 1254 AND
2 1 664 0 1255 AND
2 1 659 0 1256 AND
2 1 654 0 1257 AND
2 1 649 0 1258 AND
2 1 644 0 1259 AND
2 1 639 0 1260 AND
2 1 634 0 1261 AND
2 1 629 0 1262 AND
2 1 624 0 1263 AND
2 1 619 0 1264 AND
2 1 614 0 1265 AND
2 1 609 0 1266 AND
2 1 604 0 1267 AND
2 1 599 0 1268 AND
2 1 594 0 1269 AND
2 1 589 0 1270 AND
2 1 584 0 1271 AND
2 1 579 0 1272 AND
2 1 574 0 1273 AND
2 1 569 0 1274 AND
2 1 564 0 1275 AND
2 1 559 0 1276 AND
2 1 554 0 1277 AND
2 1 549 0 1278 AND
2 1 544 0 1279 AND
2 1 539 0 1280 AND
2 1 534 0 1281 AND
2 1 529 0 1282 AND
2 1 524 0 1283 AND
2 1 519 0 1284 AND
2 1 1157 1221 1285 LOR
2 1 1158 1222 1286 LOR
2 1 1159 1223 1287 LOR
2 1 1160 1224 1288 LOR
2 1 1161 1225 1289 LOR
2 1 1162 1226 1290 LOR
2 1 1163 1227 1291 LOR
2 1 1164 1228 1292 LOR
2 1 1165 1229 1293 LOR
2 1 1166 1230 1294 LOR
2 1 1167 1231 1295 LOR
2 1 1168 1232 1296 LOR
2 1 1169 1233 1297 LOR
2 1 1170 1234 1298 LOR
2 1 1171 1235 1299 LOR
2 1 1172 1236 1300 LOR
2 1 1173 1237 1301 LOR
2 1 1174 1238 1302 LOR
2 1 1175 1239 1303 LOR
2 1 1176 1240 1304 LOR
2 1 1177 1241 1305 LOR
2 1 1178 1242 1306 LOR
2 1 1179 1243 1307 LOR
2 1 1180 1244 1308 LOR
2 1 1181 1245 1309 LOR
2 1 1182 1246 1310 LOR
2 1 1183 1247 1311 LOR
2 1 1184 1248 1312 LOR
2 1 1185 1249 1313 LOR
2 1 1186 1250 1314 LOR
2 1 1187 1251 1315 LOR
2 1 1188 1252 1316 LOR
2 1 1189 1253 1317 LOR
2 1 1190 1254 1318 LOR
2 1 1191 1255 1319 LOR
2 1 1192 1256 1320 LOR
2 1 1193 1257 1321 LOR
2 1 1194 1258 1322 LOR
2 1 1195 1259 1323 LOR
2 1 1196 1260 1324 LOR
2 1 1197 1261 1325 LOR
2 1 1198 1262 1326 LOR
2 1 1199 1263 1327 LOR
2 1 1200 1264 1328 LOR
2 1 1201 1265 1329 LOR
2 1 1202 1266 1330 LOR
2 1 1203 1267 1331 LOR
2 1 1204 1268 1332 LOR
2 1 1205 1269 1333 LOR
2 1 1206 1270 1334 LOR
2 1 1207 1271 1335 LOR
2 1 1208 1272 1336 LOR
2 1 1209 1273 1337 LOR
2 1 1210 1274 1338 LOR
2 1 1211 1275 1339 LOR
2 1 1212 1276 1340 LOR
2 1 1213 1277 1341 LOR
2 1 1214 1278 1342 LOR
2 1 1215 1279 1343 LOR
2 1 1216 1280 1344 LOR
2 1 1217 1281 1345 LOR
2 1 1218 1282 1346 LOR
2 1 1219 1283 1347 LOR
2 1 1220 1284 1348 LOR
1 1 0 1349 INV
2 1 962 1349 1350 AND
2 1 960 1349 1351 AND
2 1 958 1349 1352 AND
2 1 956 1349 1353 AND
2 1 954 1349 1354 AND
2 1 952 1349 1355 AND
2 1 950 1349 1356 AND
2 1 948 1349 1357 AND
2 1 946 1349 1358 AND
2 1 944 1349 1359 AND
2 1 942 1349 1360 AND
2 1 940 1349 1361 AND
2 1 938 1349 1362 AND
2 1 936 1349 1363 AND
2 1 934 1349 1364 AND
2 1 932 1349 1365 AND
2 1 930 1349 1366 AND
2 1 928 1349 1367 AND
2 1 926 1349 1368 AND
2 1 924 1349 1369 AND
2 1 922 1349 1370 AND
2 1 920 1349 1371 AND
2 1 918 1349 1372 AND
2 1 916 1349 1373 AND
2 1 914 1349 1374 AND
2 1 912 1349 1375 AND
2 1 910 1349 1376 AND
2 1 908 1349 1377 AND
2 1 906 1349 1378 AND
2 1 904 1349 1379 AND
2 1 902 1349 1380 AND
2 1 900 1349 1381 AND
2 1 898 1349 1382 AND
2 1 896 1349 1383 AND
2 1 894 1349 1384 AND
2 1 892 1349 1385 AND
2 1 890 1349 1386 AND
2 1 888 1349 1387 AND
2 1 886 1349 1388 AND
2 1 884 1349 1389 AND
2 1 882 1349 1390 AND
2 1 880 1349 1391 AND
2 1 878 1349 1392 AND
2 1 876 1349 1393 AND
2 1 874 1349 1394 AND
2 1 872 1349 1395 AND
2 1 870 1349 1396 AND
2 1 868 1349 1397 AND
2 1 866 1349 1398 AND
2 1 864 1349 1399 AND
2 1 862 1349 1400 AND
2 1 860 1349 1401 AND
2 1 858 1349 1402 AND
2 1 856 1349 1403 AND
2 1 854 1349 1404 AND
2 1 852 1349 1405 AND
2 1 850 1349 1406 AND
2 1 848 1349 1407 AND
2 1 846 1349 1408 AND
2 1 844 1349 1409 AND
2 1 842 1349 1410 AND
2 1 840 1349 1411 AND
2 1 838 1349 1412 AND
2 1 836 1349 1413 AND
2 1 1153 0 1414 AND
2 1 1150 0 1415 AND
2 1 1147 0 1416 AND
2 1 1144 0 1417 AND
2 1 1141 0 1418 AND
2 1 1138 0 1419 AND
2 1 1135 0 1420 AND
2 1 1132 0 1421 AND
2 1 1129 0 1422 AND
2 1 1126 0 1423 AND
2 1 1123 0 1424 AND
2 1 1120 0 1425 AND
2 1 1117 0 1426 AND
2 1 1114 0 1427 AND
2 1 1111 0 1428 AND
2 1 1108 0 1429 AND
2 1 1105 0 1430 AND
2 1 1102 0 1431 AND
2 1 1099 0 1432 AND
2 1 1096 0 1433 AND
2 1 1093 0 1434 AND
2 1 1090 0 1435 AND
2 1 1087 0 1436 AND
2 1 1084 0 1437 AND
2 1 1081 0 1438 AND
2 1 1078 0 1439 AND
2 1 1075 0 1440 AND
2 1 1072 0 1441 AND
2 1 1069 0 1442 AND
2 1 1066 0 1443 AND
2 1 1063 0 1444 AND
2 1 1060 0 1445 AND
2 1 1057 0 1446 AND
2 1 1054 0 1447 AND
2 1 1051 0 1448 AND
2 1 1048 0 1449 AND
2 1 1045 0 1450 AND
2 1 1042 0 1451 AND
2 1 1039 0 1452 AND
2 1 1036 0 1453 AND
2 1 1033 0 1454 AND
2 1 1030 0 1455 AND
2 1 1027 0 1456 AND
2 1 1024 0 1457 AND
2 1 1021 0 1458 AND
2 1 1018 0 1459 AND
2 1 1015 0 1460 AND
2 1 1012 0 1461 AND
2 1 1009 0 1462 AND
2 1 1006 0 1463 AND
2 1 1003 0 1464 AND
2 1 1000 0 1465 AND
2 1 997 0 1466 AND
2 1 994 0 1467 AND
2 1 991 0 1468 AND
2 1 988 0 1469 AND
2 1 985 0 1470 AND
2 1 982 0 1471 AND
2 1 979 0 1472 AND
2 1 976 0 1473 AND
2 1 973 0 1474 AND
2 1 970 0 1475 AND
2 1 967 0 1476 AND
2 1 964 0 1477 AND
2 1 1350 1414 1478 LOR
2 1 1351 1415 1479 LOR
2 1 1352 1416 1480 LOR
2 1 1353 1417 1481 LOR
2 1 1354 1418 1482 LOR
2 1 1355 1419 1483 LOR
2 1 1356 1420 1484 LOR
2 1 1357 1421 1485 LOR
2 1 1358 1422 1486 LOR
2 1 1359 1423 1487 LOR
2 1 1360 1424 1488 LOR
2 1 1361 1425 1489 LOR
2 1 1362 1426 1490 LOR
2 1 1363 1427 1491 LOR
2 1 1364 1428 1492 LOR
2 1 1365 1429 1493 LOR
2 1 1366 1430 1494 LOR
2 1 1367 1431 1495 LOR
2 1 1368 1432 1496 LOR
2 1 1369 1433 1497 LOR
2 1 1370 1434 1498 LOR
2 1 1371 1435 1499 LOR
2 1 1372 1436 1500 LOR
2 1 1373 1437 1501 LOR
2 1 1374 1438 1502 LOR
2 1 1375 1439 1503 LOR
2 1 1376 1440 1504 LOR
2 1 1377 1441 1505 LOR
2 1 1378 1442 1506 LOR
2 1 1379 1443 1507 LOR
2 1 1380 1444 1508 LOR
2 1 1381 1445 1509 LOR
2 1 1382 1446 1510 LOR
2 1 1383 1447 1511 LOR
2 1 1384 1448 1512 LOR
2 1 1385 1449 1513 LOR
2 1 1386 1450 1514 LOR
2 1 1387 1451 1515 LOR
2 1 1388 1452 1516 LOR
2 1 1389 1453 1517 LOR
2 1 1390 1454 1518 LOR
2 1 1391 1455 1519 LOR
2 1 1392 1456 1520 LOR
2 1 1393 1457 1521 LOR
2 1 1394 1458 1522 LOR
2 1 1395 1459 1523 LOR
2 1 1396 1460 1524 LOR
2 1 1397 1461 1525 LOR
2 1 1398 1462 1526 LOR
2 1 1399 1463 1527 LOR
2 1 1400 1464 1528 LOR
2 1 1401 1465 1529 LOR
2 1 1402 1466 1530 LOR
2 1 1403 1467 1531 LOR
2 1 1404 1468 1532 LOR
2 1 1405 1469 1533 LOR
2 1 1406 1470 1534 LOR
2 1 1407 1471 1535 LOR
2 1 1408 1472 1536 LOR
2 1 1409 1473 1537 LOR
2 1 1410 1474 1538 LOR
2 1 1411 1475 1539 LOR
2 1 1412 1476 1540 LOR
2 1 1413 1477 1541 LOR
1 1 1 1542 INV
2 1 1285 1542 1543 AND
2 1 1286 1542 1544 AND
2 1 1287 1542 1545 AND
2 1 1288 1542 1546 AND
2 1 1289 1542 1547 AND
2 1 1290 1542 1548 AND
2 1 1291 1542 1549 AND
2 1 1292 1542 1550 AND
2 1 1293 1542 1551 AND
2 1 1294 1542 1552 AND
2 1 1295 1542 1553 AND
2 1 1296 1542 1554 AND
2 1 1297 1542 1555 AND
2 1 1298 1542 1556 AND
2 1 1299 1542 1557 AND
2 1 1300 1542 1558 AND
2 1 1301 1542 1559 AND
2 1 1302 1542 1560 AND
2 1 1303 1542 1561 AND
2 1 1304 1542 1562 AND
2 1 1305 1542 1563 AND
2 1 1306 1542 1564 AND
2 1 1307 1542 1565 AND
2 1 1308 1542 1566 AND
2 1 1309 1542 1567 AND
2 1 1310 1542 1568 AND
2 1 1311 1542 1569 AND
2 1 1312 1542 1570 AND
2 1 1313 1542 1571 AND
2 1 1314 1542 1572 AND
2 1 1315 1542 1573 AND
2 1 1316 1542 1574 AND
2 1 1317 1542 1575 AND
2 1 1318 1542 1576 AND
2 1 1319 1542 1577 AND
2 1 1320 1542 1578 AND
2 1 1321 1542 1579 AND
2 1 1322 1542 1580 AND
2 1 1323 1542 1581 AND
2 1 1324 1542 1582 AND
2 1 1325 1542 1583 AND
2 1 1326 1542 1584 AND
2 1 1327 1542 1585 AND
2 1 1328 1542 1586 AND
2 1 1329 1542 1587 AND
2 1 1330 1542 1588 AND
2 1 1331 1542 1589 AND
2 1 1332 1542 1590 AND
2 1 1333 1542 1591 AND
2 1 1334 1542 1592 AND
2 1 1335 1542 1593 AND
2 1 1336 1542 1594 AND
2 1 1337 1542 1595 AND
2 1 1338 1542 1596 AND
2 1 1339 1542 1597 AND
2 1 1340 1542 1598 AND
2 1 1341 1542 1599 AND
2 1 1342 1542 1600 AND
2 1 1343 1542 1601 AND
2 1 1344 1542 1602 AND
2 1 1345 1542 1603 AND
2 1 1346 1542 1604 AND
2 1 1347 1542 1605 AND
2 1 1348 1542 1606 AND
2 1 1478 1 1607 AND
2 1 1479 1 1608 AND
2 1 1480 1 1609 AND
2 1 1481 1 1610 AND
2 1 1482 1 1611 AND
2 1 1483 1 1612 AND
2 1 1484 1 1613 AND
2 1 1485 1 1614 AND
2 1 1486 1 1615 AND
2 1 1487 1 1616 AND
2 1 1488 1 1617 AND
2 1 1489 1 1618 AND
2 1 1490 1 1619 AND
2 1 1491 1 1620 AND
2 1 1492 1 1621 AND
2 1 1493 1 1622 AND
2 1 1494 1 1623 AND
2 1 1495 1 1624 AND
2 1 1496 1 1625 AND
2 1 1497 1 1626 AND
2 1 1498 1 1627 AND
2 1 1499 1 1628 AND
2 1 1500 1 1629 AND
2 1 1501 1 1630 AND
2 1 1502 1 1631 AND
2 1 1503 1 1632 AND
2 1 1504 1 1633 AND
2 1 1505 1 1634 AND
2 1 1506 1 1635 AND
2 1 1507 1 1636 AND
2 1 1508 1 1637 AND
2 1 1509 1 1638 AND
2 1 1510 1 1639 AND
2 1 1511 1 1640 AND
2 1 1512 1 1641 AND
2 1 1513 1 1642 AND
2 1 1514 1 1643 AND
2 1 1515 1 1644 AND
2 1 1516 1 1645 AND
2 1 1517 1 1646 AND
2 1 1518 1 1647 AND
2 1 1519 1 1648 AND
2 1 1520 1 1649 AND
2 1 1521 1 1650 AND
2 1 1522 1 1651 AND
2 1 1523 1 1652 AND
2 1 1524 1 1653 AND
2 1 1525 1 1654 AND
2 1 1526 1 1655 AND
2 1 1527 1 1656 AND
2 1 1528 1 1657 AND
2 1 1529 1 1658 AND
2 1 1530 1 1659 AND
2 1 1531 1 1660 AND
2 1 1532 1 1661 AND
2 1 1533 1 1662 AND
2 1 1534 1 1663 AND
2 1 1535 1 1664 AND
2 1 1536 1 1665 AND
2 1 1537 1 1666 AND
2 1 1538 1 1667 AND
2 1 1539 1 1668 AND
2 1 1540 1 1669 AND
2 1 1541 1 1670 AND
2 1 1543 1607 1671 LOR
2 1 1544 1608 1672 LOR
2 1 1545 1609 1673 LOR
2 1 1546 1610 1674 LOR
2 1 1547 1611 1675 LOR
2 1 1548 1612 1676 LOR
2 1 1549 1613 1677 LOR
2 1 1550 1614 1678 LOR
2 1 1551 1615 1679 LOR
2 1 1552 1616 1680 LOR
2 1 1553 1617 1681 LOR
2 1 1554 1618 1682 LOR
2 1 1555 1619 1683 LOR
2 1 1556 1620 1684 LOR
2 1 1557 1621 1685 LOR
2 1 1558 1622 1686 LOR
2 1 1559 1623 1687 LOR
2 1 1560 1624 1688 LOR
2 1 1561 1625 1689 LOR
2 1 1562 1626 1690 LOR
2 1 1563 1627 1691 LOR
2 1 1564 1628 1692 LOR
2 1 1565 1629 1693 LOR
2 1 1566 1630 1694 LOR
2 1 1567 1631 1695 LOR
2 1 1568 1632 1696 LOR
2 1 1569 1633 1697 LOR
2 1 1570 1634 1698 LOR
2 1 1571 1635 1699 LOR
2 1 1572 1636 1700 LOR
2 1 1573 1637 1701 LOR
2 1 1574 1638 1702 LOR
2 1 1575 1639 1703 LOR
2 1 1576 1640 1704 LOR
2 1 1577 1641 1705 LOR
2 1 1578 1642 1706 LOR
2 1 1579 1643 1707 LOR
2 1 1580 1644 1708 LOR
2 1 1581 1645 1709 LOR
2 1 1582 1646 1710 LOR
2 1 1583 1647 1711 LOR
2 1 1584 1648 1712 LOR
2 1 1585 1649 1713 LOR
2 1 1586 1650 1714 LOR
2 1 1587 1651 1715 LOR
2 1 1588 1652 1716 LOR
2 1 1589 1653 1717 LOR
2 1 1590 1654 1718 LOR
2 1 1591 1655 1719 LOR
2 1 1592 1656 1720 LOR
2 1 1593 1657 1721 LOR
2 1 1594 1658 1722 LOR
2 1 1595 1659 1723 LOR
2 1 1596 1660 1724 LOR
2 1 1597 1661 1725 LOR
2 1 1598 1662 1726 LOR
2 1 1599 1663 1727 LOR
2 1 1600 1664 1728 LOR
2 1 1601 1665 1729 LOR
2 1 1602 1666 1730 LOR
2 1 1603 1667 1731 LOR
2 1 1604 1668 1732 LOR
2 1 1605 1669 1733 LOR
2 1 1606 1670 1734 LOR
1 1 1671 1735 LID
1 1 1672 1736 LID
1 1 1673 1737 LID
1 1 1674 1738 LID
1 1 1675 1739 LID
1 1 1676 1740 LID
1 1 1677 1741 LID
1 1 1678 1742 LID
1 1 1679 1743 LID
1 1 1680 1744 LID
1 1 1681 1745 LID
1 1 1682 1746 LID
1 1 1683 1747 LID
1 1 1684 1748 LID
1 1 1685 1749 LID
1 1 1686 1750 LID
1 1 1687 1751 LID
1 1 1688 1752 LID
1 1 1689 1753 LID
1 1 1690 1754 LID
1 1 1691 1755 LID
1 1 1692 1756 LID
1 1 1693 1757 LID
1 1 1694 1758 LID
1 1 1695 1759 LID
1 1 1696 1760 LID
1 1 1697 1761 LID
1 1 1698 1762 LID
1 1 1699 1763 LID
1 1 1700 1764 LID
1 1 1701 1765 LID
1 1 1702 1766 LID
1 1 1703 1767 LID
1 1 1704 1768 LID
1 1 1705 1769 LID
1 1 1706 1770 LID
1 1 1707 1771 LID
1 1 1708 1772 LID
1 1 1709 1773 LID
1 1 1710 1774 LID
1 1 1711 1775 LID
1 1 1712 1776 LID
1 1 1713 1777 LID
1 1 1714 1778 LID
1 1 1715 1779 LID
1 1 1716 1780 LID
1 1 1717 1781 LID
1 1 1718 1782 LID
1 1 1719 1783 LID
1 1 1720 1784 LID
1 1 1721 1785 LID
1 1 1722 1786 LID
1 1 1723 1787 LID
1 1 1724 1788 LID
1 1 1725 1789 LID
1 1 1726 1790 LID
1 1 1727 1791 LID
1 1 1728 1792 LID
1 1 1729 1793 LID
1 1 1730 1794 LID
1 1 1731 1795 LID
1 1 1732 1796 LID
1 1 1733 1797 LID
1 1 1734 1798 LID
