386 514
1 128
1 65
2 1 127 127 128 XOR
2 1 63 127 129 XOR
2 1 63 127 130 AND
2 1 129 128 131 XOR
2 1 129 128 132 AND
2 1 130 132 133 LOR
2 1 62 126 134 XOR
2 1 62 126 135 AND
2 1 134 133 136 XOR
2 1 134 133 137 AND
2 1 135 137 138 LOR
2 1 61 125 139 XOR
2 1 61 125 140 AND
2 1 139 138 141 XOR
2 1 139 138 142 AND
2 1 140 142 143 LOR
2 1 60 124 144 XOR
2 1 60 124 145 AND
2 1 144 143 146 XOR
2 1 144 143 147 AND
2 1 145 147 148 LOR
2 1 59 123 149 XOR
2 1 59 123 150 AND
2 1 149 148 151 XOR
2 1 149 148 152 AND
2 1 150 152 153 LOR
2 1 58 122 154 XOR
2 1 58 122 155 AND
2 1 154 153 156 XOR
2 1 154 153 157 AND
2 1 155 157 158 LOR
2 1 57 121 159 XOR
2 1 57 121 160 AND
2 1 159 158 161 XOR
2 1 159 158 162 AND
2 1 160 162 163 LOR
2 1 56 120 164 XOR
2 1 56 120 165 AND
2 1 164 163 166 XOR
2 1 164 163 167 AND
2 1 165 167 168 LOR
2 1 55 119 169 XOR
2 1 55 119 170 AND
2 1 169 168 171 XOR
2 1 169 168 172 AND
2 1 170 172 173 LOR
2 1 54 118 174 XOR
2 1 54 118 175 AND
2 1 174 173 176 XOR
2 1 174 173 177 AND
2 1 175 177 178 LOR
2 1 53 117 179 XOR
2 1 53 117 180 AND
2 1 179 178 181 XOR
2 1 179 178 182 AND
2 1 180 182 183 LOR
2 1 52 116 184 XOR
2 1 52 116 185 AND
2 1 184 183 186 XOR
2 1 184 183 187 AND
2 1 185 187 188 LOR
2 1 51 115 189 XOR
2 1 51 115 190 AND
2 1 189 188 191 XOR
2 1 189 188 192 AND
2 1 190 192 193 LOR
2 1 50 114 194 XOR
2 1 50 114 195 AND
2 1 194 193 196 XOR
2 1 194 193 197 AND
2 1 195 197 198 LOR
2 1 49 113 199 XOR
2 1 49 113 200 AND
2 1 199 198 201 XOR
2 1 199 198 202 AND
2 1 200 202 203 LOR
2 1 48 112 204 XOR
2 1 48 112 205 AND
2 1 204 203 206 XOR
2 1 204 203 207 AND
2 1 205 207 208 LOR
2 1 47 111 209 XOR
2 1 47 111 210 AND
2 1 209 208 211 XOR
2 1 209 208 212 AND
2 1 210 212 213 LOR
2 1 46 110 214 XOR
2 1 46 110 215 AND
2 1 214 213 216 XOR
2 1 214 213 217 AND
2 1 215 217 218 LOR
2 1 45 109 219 XOR
2 1 45 109 220 AND
2 1 219 218 221 XOR
2 1 219 218 222 AND
2 1 220 222 223 LOR
2 1 44 108 224 XOR
2 1 44 108 225 AND
2 1 224 223 226 XOR
2 1 224 223 227 AND
2 1 225 227 228 LOR
2 1 43 107 229 XOR
2 1 43 107 230 AND
2 1 229 228 231 XOR
2 1 229 228 232 AND
2 1 230 232 233 LOR
2 1 42 106 234 XOR
2 1 42 106 235 AND
2 1 234 233 236 XOR
2 1 234 233 237 AND
2 1 235 237 238 LOR
2 1 41 105 239 XOR
2 1 41 105 240 AND
2 1 239 238 241 XOR
2 1 239 238 242 AND
2 1 240 242 243 LOR
2 1 40 104 244 XOR
2 1 40 104 245 AND
2 1 244 243 246 XOR
2 1 244 243 247 AND
2 1 245 247 248 LOR
2 1 39 103 249 XOR
2 1 39 103 250 AND
2 1 249 248 251 XOR
2 1 249 248 252 AND
2 1 250 252 253 LOR
2 1 38 102 254 XOR
2 1 38 102 255 AND
2 1 254 253 256 XOR
2 1 254 253 257 AND
2 1 255 257 258 LOR
2 1 37 101 259 XOR
2 1 37 101 260 AND
2 1 259 258 261 XOR
2 1 259 258 262 AND
2 1 260 262 263 LOR
2 1 36 100 264 XOR
2 1 36 100 265 AND
2 1 264 263 266 XOR
2 1 264 263 267 AND
2 1 265 267 268 LOR
2 1 35 99 269 XOR
2 1 35 99 270 AND
2 1 269 268 271 XOR
2 1 269 268 272 AND
2 1 270 272 273 LOR
2 1 34 98 274 XOR
2 1 34 98 275 AND
2 1 274 273 276 XOR
2 1 274 273 277 AND
2 1 275 277 278 LOR
2 1 33 97 279 XOR
2 1 33 97 280 AND
2 1 279 278 281 XOR
2 1 279 278 282 AND
2 1 280 282 283 LOR
2 1 32 96 284 XOR
2 1 32 96 285 AND
2 1 284 283 286 XOR
2 1 284 283 287 AND
2 1 285 287 288 LOR
2 1 31 95 289 XOR
2 1 31 95 290 AND
2 1 289 288 291 XOR
2 1 289 288 292 AND
2 1 290 292 293 LOR
2 1 30 94 294 XOR
2 1 30 94 295 AND
2 1 294 293 296 XOR
2 1 294 293 297 AND
2 1 295 297 298 LOR
2 1 29 93 299 XOR
2 1 29 93 300 AND
2 1 299 298 301 XOR
2 1 299 298 302 AND
2 1 300 302 303 LOR
2 1 28 92 304 XOR
2 1 28 92 305 AND
2 1 304 303 306 XOR
2 1 304 303 307 AND
2 1 305 307 308 LOR
2 1 27 91 309 XOR
2 1 27 91 310 AND
2 1 309 308 311 XOR
2 1 309 308 312 AND
2 1 310 312 313 LOR
2 1 26 90 314 XOR
2 1 26 90 315 AND
2 1 314 313 316 XOR
2 1 314 313 317 AND
2 1 315 317 318 LOR
2 1 25 89 319 XOR
2 1 25 89 320 AND
2 1 319 318 321 XOR
2 1 319 318 322 AND
2 1 320 322 323 LOR
2 1 24 88 324 XOR
2 1 24 88 325 AND
2 1 324 323 326 XOR
2 1 324 323 327 AND
2 1 325 327 328 LOR
2 1 23 87 329 XOR
2 1 23 87 330 AND
2 1 329 328 331 XOR
2 1 329 328 332 AND
2 1 330 332 333 LOR
2 1 22 86 334 XOR
2 1 22 86 335 AND
2 1 334 333 336 XOR
2 1 334 333 337 AND
2 1 335 337 338 LOR
2 1 21 85 339 XOR
2 1 21 85 340 AND
2 1 339 338 341 XOR
2 1 339 338 342 AND
2 1 340 342 343 LOR
2 1 20 84 344 XOR
2 1 20 84 345 AND
2 1 344 343 346 XOR
2 1 344 343 347 AND
2 1 345 347 348 LOR
2 1 19 83 349 XOR
2 1 19 83 350 AND
2 1 349 348 351 XOR
2 1 349 348 352 AND
2 1 350 352 353 LOR
2 1 18 82 354 XOR
2 1 18 82 355 AND
2 1 354 353 356 XOR
2 1 354 353 357 AND
2 1 355 357 358 LOR
2 1 17 81 359 XOR
2 1 17 81 360 AND
2 1 359 358 361 XOR
2 1 359 358 362 AND
2 1 360 362 363 LOR
2 1 16 80 364 XOR
2 1 16 80 365 AND
2 1 364 363 366 XOR
2 1 364 363 367 AND
2 1 365 367 368 LOR
2 1 15 79 369 XOR
2 1 15 79 370 AND
2 1 369 368 371 XOR
2 1 369 368 372 AND
2 1 370 372 373 LOR
2 1 14 78 374 XOR
2 1 14 78 375 AND
2 1 374 373 376 XOR
2 1 374 373 377 AND
2 1 375 377 378 LOR
2 1 13 77 379 XOR
2 1 13 77 380 AND
2 1 379 378 381 XOR
2 1 379 378 382 AND
2 1 380 382 383 LOR
2 1 12 76 384 XOR
2 1 12 76 385 AND
2 1 384 383 386 XOR
2 1 384 383 387 AND
2 1 385 387 388 LOR
2 1 11 75 389 XOR
2 1 11 75 390 AND
2 1 389 388 391 XOR
2 1 389 388 392 AND
2 1 390 392 393 LOR
2 1 10 74 394 XOR
2 1 10 74 395 AND
2 1 394 393 396 XOR
2 1 394 393 397 AND
2 1 395 397 398 LOR
2 1 9 73 399 XOR
2 1 9 73 400 AND
2 1 399 398 401 XOR
2 1 399 398 402 AND
2 1 400 402 403 LOR
2 1 8 72 404 XOR
2 1 8 72 405 AND
2 1 404 403 406 XOR
2 1 404 403 407 AND
2 1 405 407 408 LOR
2 1 7 71 409 XOR
2 1 7 71 410 AND
2 1 409 408 411 XOR
2 1 409 408 412 AND
2 1 410 412 413 LOR
2 1 6 70 414 XOR
2 1 6 70 415 AND
2 1 414 413 416 XOR
2 1 414 413 417 AND
2 1 415 417 418 LOR
2 1 5 69 419 XOR
2 1 5 69 420 AND
2 1 419 418 421 XOR
2 1 419 418 422 AND
2 1 420 422 423 LOR
2 1 4 68 424 XOR
2 1 4 68 425 AND
2 1 424 423 426 XOR
2 1 424 423 427 AND
2 1 425 427 428 LOR
2 1 3 67 429 XOR
2 1 3 67 430 AND
2 1 429 428 431 XOR
2 1 429 428 432 AND
2 1 430 432 433 LOR
2 1 2 66 434 XOR
2 1 2 66 435 AND
2 1 434 433 436 XOR
2 1 434 433 437 AND
2 1 435 437 438 LOR
2 1 1 65 439 XOR
2 1 1 65 440 AND
2 1 439 438 441 XOR
2 1 439 438 442 AND
2 1 440 442 443 LOR
2 1 0 64 444 XOR
2 1 0 64 445 AND
2 1 444 443 446 XOR
2 1 444 443 447 AND
2 1 445 447 448 LOR
1 1 448 449 LID
1 1 446 450 LID
1 1 441 451 LID
1 1 436 452 LID
1 1 431 453 LID
1 1 426 454 LID
1 1 421 455 LID
1 1 416 456 LID
1 1 411 457 LID
1 1 406 458 LID
1 1 401 459 LID
1 1 396 460 LID
1 1 391 461 LID
1 1 386 462 LID
1 1 381 463 LID
1 1 376 464 LID
1 1 371 465 LID
1 1 366 466 LID
1 1 361 467 LID
1 1 356 468 LID
1 1 351 469 LID
1 1 346 470 LID
1 1 341 471 LID
1 1 336 472 LID
1 1 331 473 LID
1 1 326 474 LID
1 1 321 475 LID
1 1 316 476 LID
1 1 311 477 LID
1 1 306 478 LID
1 1 301 479 LID
1 1 296 480 LID
1 1 291 481 LID
1 1 286 482 LID
1 1 281 483 LID
1 1 276 484 LID
1 1 271 485 LID
1 1 266 486 LID
1 1 261 487 LID
1 1 256 488 LID
1 1 251 489 LID
1 1 246 490 LID
1 1 241 491 LID
1 1 236 492 LID
1 1 231 493 LID
1 1 226 494 LID
1 1 221 495 LID
1 1 216 496 LID
1 1 211 497 LID
1 1 206 498 LID
1 1 201 499 LID
1 1 196 500 LID
1 1 191 501 LID
1 1 186 502 LID
1 1 181 503 LID
1 1 176 504 LID
1 1 171 505 LID
1 1 166 506 LID
1 1 161 507 LID
1 1 156 508 LID
1 1 151 509 LID
1 1 146 510 LID
1 1 141 511 LID
1 1 136 512 LID
1 1 131 513 LID
