899 1029
1 130
1 64
2 1 2 66 130 AND
2 1 3 67 131 AND
2 1 4 68 132 AND
2 1 5 69 133 AND
2 1 6 70 134 AND
2 1 7 71 135 AND
2 1 8 72 136 AND
2 1 9 73 137 AND
2 1 10 74 138 AND
2 1 11 75 139 AND
2 1 12 76 140 AND
2 1 13 77 141 AND
2 1 14 78 142 AND
2 1 15 79 143 AND
2 1 16 80 144 AND
2 1 17 81 145 AND
2 1 18 82 146 AND
2 1 19 83 147 AND
2 1 20 84 148 AND
2 1 21 85 149 AND
2 1 22 86 150 AND
2 1 23 87 151 AND
2 1 24 88 152 AND
2 1 25 89 153 AND
2 1 26 90 154 AND
2 1 27 91 155 AND
2 1 28 92 156 AND
2 1 29 93 157 AND
2 1 30 94 158 AND
2 1 31 95 159 AND
2 1 32 96 160 AND
2 1 33 97 161 AND
2 1 34 98 162 AND
2 1 35 99 163 AND
2 1 36 100 164 AND
2 1 37 101 165 AND
2 1 38 102 166 AND
2 1 39 103 167 AND
2 1 40 104 168 AND
2 1 41 105 169 AND
2 1 42 106 170 AND
2 1 43 107 171 AND
2 1 44 108 172 AND
2 1 45 109 173 AND
2 1 46 110 174 AND
2 1 47 111 175 AND
2 1 48 112 176 AND
2 1 49 113 177 AND
2 1 50 114 178 AND
2 1 51 115 179 AND
2 1 52 116 180 AND
2 1 53 117 181 AND
2 1 54 118 182 AND
2 1 55 119 183 AND
2 1 56 120 184 AND
2 1 57 121 185 AND
2 1 58 122 186 AND
2 1 59 123 187 AND
2 1 60 124 188 AND
2 1 61 125 189 AND
2 1 62 126 190 AND
2 1 63 127 191 AND
2 1 64 128 192 AND
2 1 65 129 193 AND
2 1 2 66 194 LOR
2 1 3 67 195 LOR
2 1 4 68 196 LOR
2 1 5 69 197 LOR
2 1 6 70 198 LOR
2 1 7 71 199 LOR
2 1 8 72 200 LOR
2 1 9 73 201 LOR
2 1 10 74 202 LOR
2 1 11 75 203 LOR
2 1 12 76 204 LOR
2 1 13 77 205 LOR
2 1 14 78 206 LOR
2 1 15 79 207 LOR
2 1 16 80 208 LOR
2 1 17 81 209 LOR
2 1 18 82 210 LOR
2 1 19 83 211 LOR
2 1 20 84 212 LOR
2 1 21 85 213 LOR
2 1 22 86 214 LOR
2 1 23 87 215 LOR
2 1 24 88 216 LOR
2 1 25 89 217 LOR
2 1 26 90 218 LOR
2 1 27 91 219 LOR
2 1 28 92 220 LOR
2 1 29 93 221 LOR
2 1 30 94 222 LOR
2 1 31 95 223 LOR
2 1 32 96 224 LOR
2 1 33 97 225 LOR
2 1 34 98 226 LOR
2 1 35 99 227 LOR
2 1 36 100 228 LOR
2 1 37 101 229 LOR
2 1 38 102 230 LOR
2 1 39 103 231 LOR
2 1 40 104 232 LOR
2 1 41 105 233 LOR
2 1 42 106 234 LOR
2 1 43 107 235 LOR
2 1 44 108 236 LOR
2 1 45 109 237 LOR
2 1 46 110 238 LOR
2 1 47 111 239 LOR
2 1 48 112 240 LOR
2 1 49 113 241 LOR
2 1 50 114 242 LOR
2 1 51 115 243 LOR
2 1 52 116 244 LOR
2 1 53 117 245 LOR
2 1 54 118 246 LOR
2 1 55 119 247 LOR
2 1 56 120 248 LOR
2 1 57 121 249 LOR
2 1 58 122 250 LOR
2 1 59 123 251 LOR
2 1 60 124 252 LOR
2 1 61 125 253 LOR
2 1 62 126 254 LOR
2 1 63 127 255 LOR
2 1 64 128 256 LOR
2 1 65 129 257 LOR
2 1 2 66 258 XOR
2 1 3 67 259 XOR
2 1 4 68 260 XOR
2 1 5 69 261 XOR
2 1 6 70 262 XOR
2 1 7 71 263 XOR
2 1 8 72 264 XOR
2 1 9 73 265 XOR
2 1 10 74 266 XOR
2 1 11 75 267 XOR
2 1 12 76 268 XOR
2 1 13 77 269 XOR
2 1 14 78 270 XOR
2 1 15 79 271 XOR
2 1 16 80 272 XOR
2 1 17 81 273 XOR
2 1 18 82 274 XOR
2 1 19 83 275 XOR
2 1 20 84 276 XOR
2 1 21 85 277 XOR
2 1 22 86 278 XOR
2 1 23 87 279 XOR
2 1 24 88 280 XOR
2 1 25 89 281 XOR
2 1 26 90 282 XOR
2 1 27 91 283 XOR
2 1 28 92 284 XOR
2 1 29 93 285 XOR
2 1 30 94 286 XOR
2 1 31 95 287 XOR
2 1 32 96 288 XOR
2 1 33 97 289 XOR
2 1 34 98 290 XOR
2 1 35 99 291 XOR
2 1 36 100 292 XOR
2 1 37 101 293 XOR
2 1 38 102 294 XOR
2 1 39 103 295 XOR
2 1 40 104 296 XOR
2 1 41 105 297 XOR
2 1 42 106 298 XOR
2 1 43 107 299 XOR
2 1 44 108 300 XOR
2 1 45 109 301 XOR
2 1 46 110 302 XOR
2 1 47 111 303 XOR
2 1 48 112 304 XOR
2 1 49 113 305 XOR
2 1 50 114 306 XOR
2 1 51 115 307 XOR
2 1 52 116 308 XOR
2 1 53 117 309 XOR
2 1 54 118 310 XOR
2 1 55 119 311 XOR
2 1 56 120 312 XOR
2 1 57 121 313 XOR
2 1 58 122 314 XOR
2 1 59 123 315 XOR
2 1 60 124 316 XOR
2 1 61 125 317 XOR
2 1 62 126 318 XOR
2 1 63 127 319 XOR
2 1 64 128 320 XOR
2 1 65 129 321 XOR
1 1 2 322 INV
1 1 3 323 INV
1 1 4 324 INV
1 1 5 325 INV
1 1 6 326 INV
1 1 7 327 INV
1 1 8 328 INV
1 1 9 329 INV
1 1 10 330 INV
1 1 11 331 INV
1 1 12 332 INV
1 1 13 333 INV
1 1 14 334 INV
1 1 15 335 INV
1 1 16 336 INV
1 1 17 337 INV
1 1 18 338 INV
1 1 19 339 INV
1 1 20 340 INV
1 1 21 341 INV
1 1 22 342 INV
1 1 23 343 INV
1 1 24 344 INV
1 1 25 345 INV
1 1 26 346 INV
1 1 27 347 INV
1 1 28 348 INV
1 1 29 349 INV
1 1 30 350 INV
1 1 31 351 INV
1 1 32 352 INV
1 1 33 353 INV
1 1 34 354 INV
1 1 35 355 INV
1 1 36 356 INV
1 1 37 357 INV
1 1 38 358 INV
1 1 39 359 INV
1 1 40 360 INV
1 1 41 361 INV
1 1 42 362 INV
1 1 43 363 INV
1 1 44 364 INV
1 1 45 365 INV
1 1 46 366 INV
1 1 47 367 INV
1 1 48 368 INV
1 1 49 369 INV
1 1 50 370 INV
1 1 51 371 INV
1 1 52 372 INV
1 1 53 373 INV
1 1 54 374 INV
1 1 55 375 INV
1 1 56 376 INV
1 1 57 377 INV
1 1 58 378 INV
1 1 59 379 INV
1 1 60 380 INV
1 1 61 381 INV
1 1 62 382 INV
1 1 63 383 INV
1 1 64 384 INV
1 1 65 385 INV
1 1 0 386 INV
2 1 130 386 387 AND
2 1 131 386 388 AND
2 1 132 386 389 AND
2 1 133 386 390 AND
2 1 134 386 391 AND
2 1 135 386 392 AND
2 1 136 386 393 AND
2 1 137 386 394 AND
2 1 138 386 395 AND
2 1 139 386 396 AND
2 1 140 386 397 AND
2 1 141 386 398 AND
2 1 142 386 399 AND
2 1 143 386 400 AND
2 1 144 386 401 AND
2 1 145 386 402 AND
2 1 146 386 403 AND
2 1 147 386 404 AND
2 1 148 386 405 AND
2 1 149 386 406 AND
2 1 150 386 407 AND
2 1 151 386 408 AND
2 1 152 386 409 AND
2 1 153 386 410 AND
2 1 154 386 411 AND
2 1 155 386 412 AND
2 1 156 386 413 AND
2 1 157 386 414 AND
2 1 158 386 415 AND
2 1 159 386 416 AND
2 1 160 386 417 AND
2 1 161 386 418 AND
2 1 162 386 419 AND
2 1 163 386 420 AND
2 1 164 386 421 AND
2 1 165 386 422 AND
2 1 166 386 423 AND
2 1 167 386 424 AND
2 1 168 386 425 AND
2 1 169 386 426 AND
2 1 170 386 427 AND
2 1 171 386 428 AND
2 1 172 386 429 AND
2 1 173 386 430 AND
2 1 174 386 431 AND
2 1 175 386 432 AND
2 1 176 386 433 AND
2 1 177 386 434 AND
2 1 178 386 435 AND
2 1 179 386 436 AND
2 1 180 386 437 AND
2 1 181 386 438 AND
2 1 182 386 439 AND
2 1 183 386 440 AND
2 1 184 386 441 AND
2 1 185 386 442 AND
2 1 186 386 443 AND
2 1 187 386 444 AND
2 1 188 386 445 AND
2 1 189 386 446 AND
2 1 190 386 447 AND
2 1 191 386 448 AND
2 1 192 386 449 AND
2 1 193 386 450 AND
2 1 194 0 451 AND
2 1 195 0 452 AND
2 1 196 0 453 AND
2 1 197 0 454 AND
2 1 198 0 455 AND
2 1 199 0 456 AND
2 1 200 0 457 AND
2 1 201 0 458 AND
2 1 202 0 459 AND
2 1 203 0 460 AND
2 1 204 0 461 AND
2 1 205 0 462 AND
2 1 206 0 463 AND
2 1 207 0 464 AND
2 1 208 0 465 AND
2 1 209 0 466 AND
2 1 210 0 467 AND
2 1 211 0 468 AND
2 1 212 0 469 AND
2 1 213 0 470 AND
2 1 214 0 471 AND
2 1 215 0 472 AND
2 1 216 0 473 AND
2 1 217 0 474 AND
2 1 218 0 475 AND
2 1 219 0 476 AND
2 1 220 0 477 AND
2 1 221 0 478 AND
2 1 222 0 479 AND
2 1 223 0 480 AND
2 1 224 0 481 AND
2 1 225 0 482 AND
2 1 226 0 483 AND
2 1 227 0 484 AND
2 1 228 0 485 AND
2 1 229 0 486 AND
2 1 230 0 487 AND
2 1 231 0 488 AND
2 1 232 0 489 AND
2 1 233 0 490 AND
2 1 234 0 491 AND
2 1 235 0 492 AND
2 1 236 0 493 AND
2 1 237 0 494 AND
2 1 238 0 495 AND
2 1 239 0 496 AND
2 1 240 0 497 AND
2 1 241 0 498 AND
2 1 242 0 499 AND
2 1 243 0 500 AND
2 1 244 0 501 AND
2 1 245 0 502 AND
2 1 246 0 503 AND
2 1 247 0 504 AND
2 1 248 0 505 AND
2 1 249 0 506 AND
2 1 250 0 507 AND
2 1 251 0 508 AND
2 1 252 0 509 AND
2 1 253 0 510 AND
2 1 254 0 511 AND
2 1 255 0 512 AND
2 1 256 0 513 AND
2 1 257 0 514 AND
2 1 387 451 515 LOR
2 1 388 452 516 LOR
2 1 389 453 517 LOR
2 1 390 454 518 LOR
2 1 391 455 519 LOR
2 1 392 456 520 LOR
2 1 393 457 521 LOR
2 1 394 458 522 LOR
2 1 395 459 523 LOR
2 1 396 460 524 LOR
2 1 397 461 525 LOR
2 1 398 462 526 LOR
2 1 399 463 527 LOR
2 1 400 464 528 LOR
2 1 401 465 529 LOR
2 1 402 466 530 LOR
2 1 403 467 531 LOR
2 1 404 468 532 LOR
2 1 405 469 533 LOR
2 1 406 470 534 LOR
2 1 407 471 535 LOR
2 1 408 472 536 LOR
2 1 409 473 537 LOR
2 1 410 474 538 LOR
2 1 411 475 539 LOR
2 1 412 476 540 LOR
2 1 413 477 541 LOR
2 1 414 478 542 LOR
2 1 415 479 543 LOR
2 1 416 480 544 LOR
2 1 417 481 545 LOR
2 1 418 482 546 LOR
2 1 419 483 547 LOR
2 1 420 484 548 LOR
2 1 421 485 549 LOR
2 1 422 486 550 LOR
2 1 423 487 551 LOR
2 1 424 488 552 LOR
2 1 425 489 553 LOR
2 1 426 490 554 LOR
2 1 427 491 555 LOR
2 1 428 492 556 LOR
2 1 429 493 557 LOR
2 1 430 494 558 LOR
2 1 431 495 559 LOR
2 1 432 496 560 LOR
2 1 433 497 561 LOR
2 1 434 498 562 LOR
2 1 435 499 563 LOR
2 1 436 500 564 LOR
2 1 437 501 565 LOR
2 1 438 502 566 LOR
2 1 439 503 567 LOR
2 1 440 504 568 LOR
2 1 441 505 569 LOR
2 1 442 506 570 LOR
2 1 443 507 571 LOR
2 1 444 508 572 LOR
2 1 445 509 573 LOR
2 1 446 510 574 LOR
2 1 447 511 575 LOR
2 1 448 512 576 LOR
2 1 449 513 577 LOR
2 1 450 514 578 LOR
1 1 0 579 INV
2 1 258 579 580 AND
2 1 259 579 581 AND
2 1 260 579 582 AND
2 1 261 579 583 AND
2 1 262 579 584 AND
2 1 263 579 585 AND
2 1 264 579 586 AND
2 1 265 579 587 AND
2 1 266 579 588 AND
2 1 267 579 589 AND
2 1 268 579 590 AND
2 1 269 579 591 AND
2 1 270 579 592 AND
2 1 271 579 593 AND
2 1 272 579 594 AND
2 1 273 579 595 AND
2 1 274 579 596 AND
2 1 275 579 597 AND
2 1 276 579 598 AND
2 1 277 579 599 AND
2 1 278 579 600 AND
2 1 279 579 601 AND
2 1 280 579 602 AND
2 1 281 579 603 AND
2 1 282 579 604 AND
2 1 283 579 605 AND
2 1 284 579 606 AND
2 1 285 579 607 AND
2 1 286 579 608 AND
2 1 287 579 609 AND
2 1 288 579 610 AND
2 1 289 579 611 AND
2 1 290 579 612 AND
2 1 291 579 613 AND
2 1 292 579 614 AND
2 1 293 579 615 AND
2 1 294 579 616 AND
2 1 295 579 617 AND
2 1 296 579 618 AND
2 1 297 579 619 AND
2 1 298 579 620 AND
2 1 299 579 621 AND
2 1 300 579 622 AND
2 1 301 579 623 AND
2 1 302 579 624 AND
2 1 303 579 625 AND
2 1 304 579 626 AND
2 1 305 579 627 AND
2 1 306 579 628 AND
2 1 307 579 629 AND
2 1 308 579 630 AND
2 1 309 579 631 AND
2 1 310 579 632 AND
2 1 311 579 633 AND
2 1 312 579 634 AND
2 1 313 579 635 AND
2 1 314 579 636 AND
2 1 315 579 637 AND
2 1 316 579 638 AND
2 1 317 579 639 AND
2 1 318 579 640 AND
2 1 319 579 641 AND
2 1 320 579 642 AND
2 1 321 579 643 AND
2 1 322 0 644 AND
2 1 323 0 645 AND
2 1 324 0 646 AND
2 1 325 0 647 AND
2 1 326 0 648 AND
2 1 327 0 649 AND
2 1 328 0 650 AND
2 1 329 0 651 AND
2 1 330 0 652 AND
2 1 331 0 653 AND
2 1 332 0 654 AND
2 1 333 0 655 AND
2 1 334 0 656 AND
2 1 335 0 657 AND
2 1 336 0 658 AND
2 1 337 0 659 AND
2 1 338 0 660 AND
2 1 339 0 661 AND
2 1 340 0 662 AND
2 1 341 0 663 AND
2 1 342 0 664 AND
2 1 343 0 665 AND
2 1 344 0 666 AND
2 1 345 0 667 AND
2 1 346 0 668 AND
2 1 347 0 669 AND
2 1 348 0 670 AND
2 1 349 0 671 AND
2 1 350 0 672 AND
2 1 351 0 673 AND
2 1 352 0 674 AND
2 1 353 0 675 AND
2 1 354 0 676 AND
2 1 355 0 677 AND
2 1 356 0 678 AND
2 1 357 0 679 AND
2 1 358 0 680 AND
2 1 359 0 681 AND
2 1 360 0 682 AND
2 1 361 0 683 AND
2 1 362 0 684 AND
2 1 363 0 685 AND
2 1 364 0 686 AND
2 1 365 0 687 AND
2 1 366 0 688 AND
2 1 367 0 689 AND
2 1 368 0 690 AND
2 1 369 0 691 AND
2 1 370 0 692 AND
2 1 371 0 693 AND
2 1 372 0 694 AND
2 1 373 0 695 AND
2 1 374 0 696 AND
2 1 375 0 697 AND
2 1 376 0 698 AND
2 1 377 0 699 AND
2 1 378 0 700 AND
2 1 379 0 701 AND
2 1 380 0 702 AND
2 1 381 0 703 AND
2 1 382 0 704 AND
2 1 383 0 705 AND
2 1 384 0 706 AND
2 1 385 0 707 AND
2 1 580 644 708 LOR
2 1 581 645 709 LOR
2 1 582 646 710 LOR
2 1 583 647 711 LOR
2 1 584 648 712 LOR
2 1 585 649 713 LOR
2 1 586 650 714 LOR
2 1 587 651 715 LOR
2 1 588 652 716 LOR
2 1 589 653 717 LOR
2 1 590 654 718 LOR
2 1 591 655 719 LOR
2 1 592 656 720 LOR
2 1 593 657 721 LOR
2 1 594 658 722 LOR
2 1 595 659 723 LOR
2 1 596 660 724 LOR
2 1 597 661 725 LOR
2 1 598 662 726 LOR
2 1 599 663 727 LOR
2 1 600 664 728 LOR
2 1 601 665 729 LOR
2 1 602 666 730 LOR
2 1 603 667 731 LOR
2 1 604 668 732 LOR
2 1 605 669 733 LOR
2 1 606 670 734 LOR
2 1 607 671 735 LOR
2 1 608 672 736 LOR
2 1 609 673 737 LOR
2 1 610 674 738 LOR
2 1 611 675 739 LOR
2 1 612 676 740 LOR
2 1 613 677 741 LOR
2 1 614 678 742 LOR
2 1 615 679 743 LOR
2 1 616 680 744 LOR
2 1 617 681 745 LOR
2 1 618 682 746 LOR
2 1 619 683 747 LOR
2 1 620 684 748 LOR
2 1 621 685 749 LOR
2 1 622 686 750 LOR
2 1 623 687 751 LOR
2 1 624 688 752 LOR
2 1 625 689 753 LOR
2 1 626 690 754 LOR
2 1 627 691 755 LOR
2 1 628 692 756 LOR
2 1 629 693 757 LOR
2 1 630 694 758 LOR
2 1 631 695 759 LOR
2 1 632 696 760 LOR
2 1 633 697 761 LOR
2 1 634 698 762 LOR
2 1 635 699 763 LOR
2 1 636 700 764 LOR
2 1 637 701 765 LOR
2 1 638 702 766 LOR
2 1 639 703 767 LOR
2 1 640 704 768 LOR
2 1 641 705 769 LOR
2 1 642 706 770 LOR
2 1 643 707 771 LOR
1 1 1 772 INV
2 1 515 772 773 AND
2 1 516 772 774 AND
2 1 517 772 775 AND
2 1 518 772 776 AND
2 1 519 772 777 AND
2 1 520 772 778 AND
2 1 521 772 779 AND
2 1 522 772 780 AND
2 1 523 772 781 AND
2 1 524 772 782 AND
2 1 525 772 783 AND
2 1 526 772 784 AND
2 1 527 772 785 AND
2 1 528 772 786 AND
2 1 529 772 787 AND
2 1 530 772 788 AND
2 1 531 772 789 AND
2 1 532 772 790 AND
2 1 533 772 791 AND
2 1 534 772 792 AND
2 1 535 772 793 AND
2 1 536 772 794 AND
2 1 537 772 795 AND
2 1 538 772 796 AND
2 1 539 772 797 AND
2 1 540 772 798 AND
2 1 541 772 799 AND
2 1 542 772 800 AND
2 1 543 772 801 AND
2 1 544 772 802 AND
2 1 545 772 803 AND
2 1 546 772 804 AND
2 1 547 772 805 AND
2 1 548 772 806 AND
2 1 549 772 807 AND
2 1 550 772 808 AND
2 1 551 772 809 AND
2 1 552 772 810 AND
2 1 553 772 811 AND
2 1 554 772 812 AND
2 1 555 772 813 AND
2 1 556 772 814 AND
2 1 557 772 815 AND
2 1 558 772 816 AND
2 1 559 772 817 AND
2 1 560 772 818 AND
2 1 561 772 819 AND
2 1 562 772 820 AND
2 1 563 772 821 AND
2 1 564 772 822 AND
2 1 565 772 823 AND
2 1 566 772 824 AND
2 1 567 772 825 AND
2 1 568 772 826 AND
2 1 569 772 827 AND
2 1 570 772 828 AND
2 1 571 772 829 AND
2 1 572 772 830 AND
2 1 573 772 831 AND
2 1 574 772 832 AND
2 1 575 772 833 AND
2 1 576 772 834 AND
2 1 577 772 835 AND
2 1 578 772 836 AND
2 1 708 1 837 AND
2 1 709 1 838 AND
2 1 710 1 839 AND
2 1 711 1 840 AND
2 1 712 1 841 AND
2 1 713 1 842 AND
2 1 714 1 843 AND
2 1 715 1 844 AND
2 1 716 1 845 AND
2 1 717 1 846 AND
2 1 718 1 847 AND
2 1 719 1 848 AND
2 1 720 1 849 AND
2 1 721 1 850 AND
2 1 722 1 851 AND
2 1 723 1 852 AND
2 1 724 1 853 AND
2 1 725 1 854 AND
2 1 726 1 855 AND
2 1 727 1 856 AND
2 1 728 1 857 AND
2 1 729 1 858 AND
2 1 730 1 859 AND
2 1 731 1 860 AND
2 1 732 1 861 AND
2 1 733 1 862 AND
2 1 734 1 863 AND
2 1 735 1 864 AND
2 1 736 1 865 AND
2 1 737 1 866 AND
2 1 738 1 867 AND
2 1 739 1 868 AND
2 1 740 1 869 AND
2 1 741 1 870 AND
2 1 742 1 871 AND
2 1 743 1 872 AND
2 1 744 1 873 AND
2 1 745 1 874 AND
2 1 746 1 875 AND
2 1 747 1 876 AND
2 1 748 1 877 AND
2 1 749 1 878 AND
2 1 750 1 879 AND
2 1 751 1 880 AND
2 1 752 1 881 AND
2 1 753 1 882 AND
2 1 754 1 883 AND
2 1 755 1 884 AND
2 1 756 1 885 AND
2 1 757 1 886 AND
2 1 758 1 887 AND
2 1 759 1 888 AND
2 1 760 1 889 AND
2 1 761 1 890 AND
2 1 762 1 891 AND
2 1 763 1 892 AND
2 1 764 1 893 AND
2 1 765 1 894 AND
2 1 766 1 895 AND
2 1 767 1 896 AND
2 1 768 1 897 AND
2 1 769 1 898 AND
2 1 770 1 899 AND
2 1 771 1 900 AND
2 1 773 837 901 LOR
2 1 774 838 902 LOR
2 1 775 839 903 LOR
2 1 776 840 904 LOR
2 1 777 841 905 LOR
2 1 778 842 906 LOR
2 1 779 843 907 LOR
2 1 780 844 908 LOR
2 1 781 845 909 LOR
2 1 782 846 910 LOR
2 1 783 847 911 LOR
2 1 784 848 912 LOR
2 1 785 849 913 LOR
2 1 786 850 914 LOR
2 1 787 851 915 LOR
2 1 788 852 916 LOR
2 1 789 853 917 LOR
2 1 790 854 918 LOR
2 1 791 855 919 LOR
2 1 792 856 920 LOR
2 1 793 857 921 LOR
2 1 794 858 922 LOR
2 1 795 859 923 LOR
2 1 796 860 924 LOR
2 1 797 861 925 LOR
2 1 798 862 926 LOR
2 1 799 863 927 LOR
2 1 800 864 928 LOR
2 1 801 865 929 LOR
2 1 802 866 930 LOR
2 1 803 867 931 LOR
2 1 804 868 932 LOR
2 1 805 869 933 LOR
2 1 806 870 934 LOR
2 1 807 871 935 LOR
2 1 808 872 936 LOR
2 1 809 873 937 LOR
2 1 810 874 938 LOR
2 1 811 875 939 LOR
2 1 812 876 940 LOR
2 1 813 877 941 LOR
2 1 814 878 942 LOR
2 1 815 879 943 LOR
2 1 816 880 944 LOR
2 1 817 881 945 LOR
2 1 818 882 946 LOR
2 1 819 883 947 LOR
2 1 820 884 948 LOR
2 1 821 885 949 LOR
2 1 822 886 950 LOR
2 1 823 887 951 LOR
2 1 824 888 952 LOR
2 1 825 889 953 LOR
2 1 826 890 954 LOR
2 1 827 891 955 LOR
2 1 828 892 956 LOR
2 1 829 893 957 LOR
2 1 830 894 958 LOR
2 1 831 895 959 LOR
2 1 832 896 960 LOR
2 1 833 897 961 LOR
2 1 834 898 962 LOR
2 1 835 899 963 LOR
2 1 836 900 964 LOR
1 1 901 965 LID
1 1 902 966 LID
1 1 903 967 LID
1 1 904 968 LID
1 1 905 969 LID
1 1 906 970 LID
1 1 907 971 LID
1 1 908 972 LID
1 1 909 973 LID
1 1 910 974 LID
1 1 911 975 LID
1 1 912 976 LID
1 1 913 977 LID
1 1 914 978 LID
1 1 915 979 LID
1 1 916 980 LID
1 1 917 981 LID
1 1 918 982 LID
1 1 919 983 LID
1 1 920 984 LID
1 1 921 985 LID
1 1 922 986 LID
1 1 923 987 LID
1 1 924 988 LID
1 1 925 989 LID
1 1 926 990 LID
1 1 927 991 LID
1 1 928 992 LID
1 1 929 993 LID
1 1 930 994 LID
1 1 931 995 LID
1 1 932 996 LID
1 1 933 997 LID
1 1 934 998 LID
1 1 935 999 LID
1 1 936 1000 LID
1 1 937 1001 LID
1 1 938 1002 LID
1 1 939 1003 LID
1 1 940 1004 LID
1 1 941 1005 LID
1 1 942 1006 LID
1 1 943 1007 LID
1 1 944 1008 LID
1 1 945 1009 LID
1 1 946 1010 LID
1 1 947 1011 LID
1 1 948 1012 LID
1 1 949 1013 LID
1 1 950 1014 LID
1 1 951 1015 LID
1 1 952 1016 LID
1 1 953 1017 LID
1 1 954 1018 LID
1 1 955 1019 LID
1 1 956 1020 LID
1 1 957 1021 LID
1 1 958 1022 LID
1 1 959 1023 LID
1 1 960 1024 LID
1 1 961 1025 LID
1 1 962 1026 LID
1 1 963 1027 LID
1 1 964 1028 LID
